1.0 0.0993207192366941 0.06833852792409179 0.0993207192366941 0.11987325010376206 0.22313016014842982 0.06833852792409179 0.49306869139523984 0.0993207192366941 0.0820849986238988 0.1353352832366127 0.11987325010376206 0.0820849986238988 0.16715155184722622 0.06833852792409179 0.06833852792409179 0.06833852792409179 0.0820849986238988 0.11987325010376206 0.06833852792409179 0.06833852792409179 0.11987325010376206 0.06833852792409179 0.16715155184722622 0.0993207192366941 1.0 0.11987325010376206 0.0993207192366941 0.06833852792409179 0.31515189867220234 0.49306869139523984 1.0 0.1353352832366127 0.0993207192366941 0.22313016014842982 0.0820849986238988 0.0820849986238988 0.11987325010376206 0.11987325010376206 0.0993207192366941 0.11987325010376206 0.1353352832366127 0.0993207192366941 0.1353352832366127 0.11987325010376206 0.06833852792409179 0.49306869139523984 0.0820849986238988 0.0820849986238988 0.0820849986238988 0.1353352832366127 0.0993207192366941 1.0 0.1353352832366127 0.1353352832366127 0.11987325010376206 0.1353352832366127 0.1353352832366127 0.06833852792409179 0.1353352832366127 -0.11494278 -0.23160087 0.1432861 -0.0737588 0.15660106 -0.34756806 -0.13975391 -0.19782113 -0.43398565 -0.44864428 0.18855958 -0.12582642 -0.12118903 0.18966052 -0.2546496 0.1861877 -0.21436487 -0.32671237 -0.33736372 -0.068512134 0.12049551 0.31398618 -0.12518193 0.20834121 -0.2568585 -0.064922184 0.18951452 -0.10100143 -0.11261701 0.27993402 0.19554684 -0.10364476 -0.054241758 0.3617813 -0.17569308 -0.3281486 0.024016041 -0.25809935 -0.08386178 -0.16288494 0.42303327 -0.13919984 0.10849917 -0.37594923 -0.41602767 0.16317485 -0.42470664 -0.004518289 0.016733645 0.16606686 0.025308296 0.35959885 -0.3405359 -0.041458577 0.019993301 -0.29083014 0.45330283 -0.050831184 0.09758484 -0.15692087 0.41140985 0.21627253 -0.43910688 -0.23888363 -0.019555239 -0.15057926 0.25591597 0.5191214 -0.112064324 -0.3887625 -0.055809863 0.08981664 -0.09935221 -0.6358484 0.10756122 0.14457256 0.47838154 0.20105214 0.45389375 0.4183809 0.019398078 0.27386346 -0.15471546 -0.23497976 0.5892428 0.18787588 -0.35878158 -0.21289183 0.1865549 0.33295974 0.56892616 0.2622654 0.16652325 -0.2586512 0.10753261 -0.029454887 -0.022677062 0.04860189 0.50456446 -0.28185394 -0.6917901 -0.007580154 0.41764763 -0.22621725 0.132609 0.29681885 0.04963869 0.07519464 -0.1802018 0.16736843 -0.22335516 0.19047655 -0.23597722 -0.15135555 -0.26921272 0.069290854 -0.0075583877 -0.10499265 -0.37155706 -0.39059907 -0.14349246 0.057287328 -0.2916418 -0.27937347 -0.35070616 -0.28516704 0.14552319 0.1631602 -0.008675422 0.19291626 0.13099046 -0.11058814 -0.048509993 -0.041021593 0.41536853 -0.19143379 -0.028847983 -0.05197889
0.0993207192366941 1.0 0.12674334814867916 0.13533528323661262 0.12986738659265223 0.1325591998305055 0.12674334814867916 0.12986738659265223 0.13533528323661262 0.1325591998305055 0.0993207192366941 0.12986738659265223 0.1325591998305055 0.12674334814867916 0.12674334814867916 0.12674334814867916 0.12674334814867916 0.1325591998305055 0.12986738659265223 0.12674334814867916 0.12674334814867916 0.12986738659265223 0.12674334814867916 0.12674334814867916 0.13533528323661262 0.0993207192366941 0.12986738659265223 0.13533528323661262 0.12674334814867916 0.13533528323661262 0.12986738659265223 0.0993207192366941 0.0993207192366941 0.13533528323661262 0.1325591998305055 0.1325591998305055 0.1325591998305055 0.12986738659265223 0.12986738659265223 0.13533528323661262 0.12986738659265223 0.0993207192366941 0.13533528323661262 0.0993207192366941 0.12986738659265223 0.12674334814867916 0.12986738659265223 0.1325591998305055 0.1325591998305055 0.1325591998305055 0.0993207192366941 0.13533528323661262 0.0993207192366941 0.0993207192366941 0.0993207192366941 0.12986738659265223 0.0993207192366941 0.0993207192366941 0.12674334814867916 0.0993207192366941 0.1536606 -0.28169328 -0.08037944 -0.13588107 -0.029660996 0.08840312 -0.08029764 -0.29510665 0.32844883 -0.090391316 -0.033235934 -0.11355442 -0.023167377 -0.34375164 -0.23900694 0.6492494 0.3865252 -0.43796143 -0.05434962 -0.15893559 -0.17786299 0.2424279 -0.5570262 -0.80423224 -0.3336532 0.009870575 0.6949677 -0.31658447 -0.4879552 0.5625554 -0.23782827 0.00889103 0.6051925 0.23142484 -0.51118106 -0.43525422 0.48494974 -0.18280256 -0.20255423 0.00793047 0.30307543 0.9548412 0.11070154 0.356312 -0.59667194 0.32724667 0.445589 -0.2386382 0.3210137 0.37740114 0.20660621 0.078083776 0.0063290806 -0.37952653 -0.6700696 0.21165803 0.25917947 0.23970172 -0.0247981 0.090741985 0.09790414 0.14532074 -0.17512596 -0.25186726 -0.3909778 -0.82117337 0.21052739 0.49737704 -0.40567526 0.036136493 -0.57181746 -0.057921045 -0.18154764 -0.52524394 -0.4867431 0.30992404 1.1030859 0.045476973 0.16208735 0.45251855 0.42837813 0.68434393 -0.22528236 -0.6419847 0.45374027 0.4232882 -0.803088 -0.006784563 0.122791626 0.05685619 0.4657232 1.1330644 0.08518893 0.10513794 0.09239028 -0.4385049 -0.7490009 0.17997505 -0.05311566 0.30772522 -0.3709104 -0.347586 0.552815 -0.6648493 0.2861732 0.0343785 0.16945444 -0.24452296 0.028131688 -0.032166336 -0.42001668 0.4883281 0.003091718 -0.28898436 -0.5175673 0.18912224 0.053950008 0.22735803 -0.77898 0.08216908 -0.6601869 -0.29330665 -0.584267 -0.9251975 0.4735525 -0.07342203 -0.13754705 -1.0279943 -0.09902201 0.2915122 -0.32314876 -0.43580353 0.0019613274 -0.41142923 0.6406921 -0.08950303 -0.7561312 -0.3956878
0.06833852792409179 0.12674334814867916 1.0 0.12674334814867916 0.10930705244733384 0.13365930993517047 0.13533528323661276 0.10930705244733384 0.12674334814867916 0.13365930993517047 0.06833852792409179 0.10930705244733384 0.13365930993517047 0.13533528323661276 0.13533528323661276 0.13533528323661276 0.13533528323661276 0.13365930993517047 0.10930705244733384 0.13533528323661276 0.13533528323661276 0.10930705244733384 0.13533528323661276 0.13533528323661276 0.12674334814867916 0.06833852792409179 0.10930705244733384 0.12674334814867916 0.13533528323661276 0.12674334814867916 0.10930705244733384 0.06833852792409179 0.06833852792409179 0.12674334814867916 0.13365930993517047 0.13365930993517047 0.13365930993517047 0.10930705244733384 0.10930705244733384 0.12674334814867916 0.10930705244733384 0.06833852792409179 0.12674334814867916 0.06833852792409179 0.10930705244733384 0.13533528323661276 0.10930705244733384 0.13365930993517047 0.13365930993517047 0.13365930993517047 0.06833852792409179 0.12674334814867916 0.06833852792409179 0.06833852792409179 0.06833852792409179 0.10930705244733384 0.06833852792409179 0.06833852792409179 0.13533528323661276 0.06833852792409179 0.45982373 -0.21803254 0.2319933 0.34161222 0.38847655 -0.3592553 0.55277425 -0.07463375 -0.020977605 -0.57395816 0.35226384 -0.3886255 -0.08290777 -0.03959822 -0.49231228 0.07149069 0.13658205 0.15607761 0.07787914 -0.007215694 0.35270116 0.10698517 -0.43594658 -0.36925995 0.21368678 -0.12366493 0.9221917 -0.42637065 -0.49945867 0.44253522 -0.3913167 0.11861033 0.063017175 0.41688243 -0.18985195 -0.6290231 0.32961845 0.152804 0.24008445 0.05077689 0.06376379 0.6144574 -0.27742338 0.56903535 -0.15306988 0.43151665 0.6494077 0.36652097 -0.15879753 0.7092824 0.1951584 -0.45454782 0.5575794 -0.499509 -0.55623746 0.46968466 0.5956805 0.14079021 0.24666168 -0.012707857 0.64230794 -0.35601246 -0.37741947 0.031248873 -0.2910161 -0.7409351 -0.43281826 0.29211622 -0.07906133 -0.13296558 -0.7674625 0.091511324 -0.060233608 -0.6061108 -0.40132266 0.33828187 0.722507 0.10443242 0.686836 0.25159276 0.11037137 0.74640626 -0.32753193 -0.39339617 0.59973395 0.13404627 -0.4390075 0.6316611 -0.01622285 0.28780645 0.7369742 0.60024244 0.50935775 0.13470288 0.4933851 -0.10148861 -0.103125945 0.44939083 0.28204948 0.09963304 -0.34915915 -0.04725621 0.36776856 -0.121880256 -0.29929852 -0.15252143 0.19238733 0.14121394 -0.34605634 0.25536317 -1.1722007 0.023715772 -0.0508338 -0.034920305 -0.66648185 0.41234815 -0.027743243 -0.32439664 -0.4541287 0.5044698 -0.36239508 -0.9232211 -0.30331644 -0.22153598 -0.022806177 -0.040209558 0.058876038 -0.14650144 0.008731319 -0.291133 0.10032376 0.21458326 0.22573438 0.15205681 0.4428645 -0.26482314 -0.45149612 -0.18910529
0.0993207192366941 0.13533528323661262 0.12674334814867916 1.0 0.12986738659265223 0.1325591998305055 0.12674334814867916 0.12986738659265223 0.13533528323661262 0.1325591998305055 0.0993207192366941 0.12986738659265223 0.1325591998305055 0.12674334814867916 0.12674334814867916 0.12674334814867916 0.12674334814867916 0.1325591998305055 0.12986738659265223 0.2124192551730449 0.12674334814867916 0.12986738659265223 0.12674334814867916 0.2124192551730449 0.13533528323661262 0.0993207192366941 0.12986738659265223 0.13533528323661262 0.2124192551730449 0.13533528323661262 0.12986738659265223 0.0993207192366941 0.0993207192366941 0.13533528323661262 0.1325591998305055 0.1325591998305055 0.1325591998305055 0.12986738659265223 0.12986738659265223 0.2635971381157267 0.12986738659265223 0.0993207192366941 0.2635971381157267 0.0993207192366941 0.12986738659265223 0.12674334814867916 0.12986738659265223 0.1325591998305055 0.1325591998305055 0.1325591998305055 0.0993207192366941 0.13533528323661262 0.0993207192366941 0.0993207192366941 0.0993207192366941 0.293832655878073 0.0993207192366941 0.0993207192366941 0.12674334814867916 0.0993207192366941 0.25471416 -0.021282788 0.15613806 0.08081444 0.07348039 -0.35017577 -0.25677368 -0.09772422 -0.057671145 -0.46249992 -0.02846953 -0.07208197 -0.48982787 -0.13693671 -0.04599271 -0.107913256 -0.45258605 -0.2000114 -0.4768548 -0.1431023 0.3442098 0.14102529 -0.30700922 -0.113558955 -0.3583258 0.095272 0.25685847 -0.33888194 -0.17177182 0.3114564 0.302388 0.20726798 0.19060533 0.18542515 -0.7018745 -0.26441783 0.4542178 -0.047393687 -0.23274417 0.19529727 0.10020515 0.25273818 0.04905247 -0.34317398 -0.3218491 0.21134399 -0.21685456 0.24638209 0.033805884 0.054658562 0.028495695 -0.088195466 -0.0793836 0.47121635 -0.28631943 0.055463456 0.48966017 0.02972205 0.22709647 -0.014346195 0.49352705 0.3455792 -0.50926346 -0.2936616 -0.2905291 -0.17864993 0.11518161 0.10844025 -0.37247205 -0.13811791 -0.28621718 0.6037553 0.012231851 -0.62604976 -0.23781833 0.4445089 0.2702956 0.668476 0.22020881 -0.06432311 0.53746605 0.1646197 -0.26158783 -0.52868706 0.41087863 0.108570226 -0.15437537 0.052508507 0.3932209 0.31688124 0.7060814 0.57248086 0.12684588 -0.120113075 -0.21008866 0.106367946 -0.1945885 -0.028393341 0.41136828 -0.4498461 -0.4841308 -0.2206163 0.18191403 -0.12629555 -0.045664907 0.57697856 0.3256452 -0.42560863 -0.30173263 0.2557573 0.05467275 0.064103924 0.021288907 -0.17439924 -0.114525996 -0.0225383 0.15018971 -0.24721988 -0.2850305 0.07560382 -0.20829941 -0.01819092 -0.2678882 -0.055690635 -0.13160509 0.10606621 0.19236825 0.18003115 -0.33056787 0.14423421 0.45169303 0.10074124 0.08122703 0.0362491 0.6660647 -0.16685028 -0.15263258 0.03443171
0.11987325010376206 0.12986738659265223 0.10930705244733384 0.12986738659265223 1.0 0.11987325010376206 0.10930705244733384 0.13533528323661276 0.293832655878073 0.11987325010376206 0.11987325010376206 0.13533528323661276 0.11987325010376206 0.10930705244733384 0.10930705244733384 0.10930705244733384 0.20574066108381447 0.24311673443421425 0.13533528323661276 0.10930705244733384 0.20574066108381447 0.13533528323661276 0.10930705244733384 0.10930705244733384 0.12986738659265223 0.11987325010376206 0.13533528323661276 0.12986738659265223 0.10930705244733384 0.12986738659265223 0.13533528323661276 0.11987325010376206 0.11987325010376206 0.293832655878073 0.11987325010376206 0.11987325010376206 0.11987325010376206 0.13533528323661276 0.13533528323661276 0.12986738659265223 0.13533528323661276 0.49306869139523984 0.12986738659265223 0.11987325010376206 0.13533528323661276 0.10930705244733384 0.13533528323661276 0.24311673443421425 0.11987325010376206 0.11987325010376206 0.11987325010376206 0.12986738659265223 0.11987325010376206 0.11987325010376206 0.11987325010376206 0.13533528323661276 0.11987325010376206 0.11987325010376206 0.10930705244733384 0.11987325010376206 0.07382591 -0.28276083 -0.11779271 0.2256531 0.064376324 -0.12579755 -0.21273527 -0.0066390997 -0.22447945 -0.1763006 -0.102713205 -0.40463978 -0.055308037 0.10840973 -0.18347402 0.40916792 -0.3483841 0.26024818 -0.31033966 -0.05302959 0.14157045 0.09510483 0.075571395 -0.19835606 -0.16860826 -0.37922677 0.6189715 -0.4776606 0.120900795 0.0035146934 -0.24407548 -0.39222735 0.0036964691 -0.019638097 -0.44639188 -0.5229798 -0.08061643 -0.21637593 0.08301258 -0.58134645 -0.051092524 -0.0138234915 0.14166158 0.005471693 -0.51806545 0.21976313 -0.110391006 -0.4280157 -0.072040506 0.46210203 -0.32893214 -0.1890131 -0.17316306 -0.24982436 -0.3181337 -0.06174106 0.3185922 0.13597484 -0.3629858 0.026043164 0.5724468 0.15423873 0.28104338 0.32774603 0.18377326 -0.16117159 0.21641164 0.2651115 0.100200355 0.0016348221 -0.021710657 -0.18954538 -0.3838631 -0.62284684 -0.19079918 0.45622167 0.12760304 0.12199029 0.35050514 0.53865063 0.036200907 0.2819049 -0.4698696 -0.7769854 0.7712931 0.30428305 -0.2366747 0.41096547 0.16395448 0.018941062 0.50490177 0.07792226 0.031675275 -0.054256797 -0.09849507 0.031655513 0.28028965 -0.052071158 0.28877008 -0.08905567 -0.76112866 -0.16204625 0.37529138 -0.18644744 0.055880073 -0.068199396 -0.13238432 -0.11463216 -0.002279911 0.05839354 -0.052836675 -0.059054803 -0.55235463 0.042424522 -0.27840114 -0.23438333 -0.03414476 -0.3455962 -0.3823755 0.01792015 -0.379595 -0.13921316 -0.5665538 -0.24599594 -0.18352862 0.17900412 -0.18826638 -0.023681153 -0.30933565 0.07245414 -0.2587785 0.071517006 0.19603124 -0.45634866 0.4163574 0.67065597 -0.1710757 -0.16577688
0.22313016014842982 0.1325591998305055 0.13365930993517047 0.1325591998305055 0.11987325010376206 1.0 0.13365930993517047 0.24311673443421425 0.1325591998305055 0.1353352832366127 0.0820849986238988 0.11987325010376206 0.1353352832366127 0.2090362526821938 0.13365930993517047 0.13365930993517047 0.13365930993517047 0.1353352832366127 0.11987325010376206 0.13365930993517047 0.13365930993517047 0.11987325010376206 0.13365930993517047 0.3269218953517579 0.1325591998305055 0.22313016014842982 0.11987325010376206 0.1325591998305055 0.13365930993517047 0.23612931644846605 0.24311673443421425 0.22313016014842982 0.0820849986238988 0.1325591998305055 0.22313016014842982 0.1353352832366127 0.1353352832366127 0.11987325010376206 0.11987325010376206 0.1325591998305055 0.11987325010376206 0.0820849986238988 0.1325591998305055 0.0820849986238988 0.11987325010376206 0.13365930993517047 0.24311673443421425 0.1353352832366127 0.1353352832366127 0.1353352832366127 0.22313016014842982 0.1325591998305055 0.22313016014842982 0.0820849986238988 0.0820849986238988 0.11987325010376206 0.0820849986238988 0.0820849986238988 0.13365930993517047 0.0820849986238988 0.024272298 -0.1986545 0.31285316 -0.21780497 -0.04680639 -0.28654972 -0.23519905 -0.1731801 -0.2360227 -0.3210115 0.20749983 -0.087278046 -0.038864765 0.10196736 -0.38096842 0.12485704 -0.15800396 -0.26809117 -0.4494127 -0.42802256 0.14852314 0.34684244 -0.366937 0.15377624 -0.2296715 0.012484304 0.28545544 0.27238724 -0.039643742 0.19019501 -0.017667454 -0.012134241 -0.17603195 0.36822742 -0.32853842 -0.35221577 0.30483484 -0.11903173 -0.13372457 -0.32373175 0.47882414 -0.038473137 0.12177372 -0.31559342 -0.30951452 0.26991907 -0.2277654 0.30536813 -0.20339859 0.16726711 0.23398596 0.24832757 -0.5275833 0.19103926 -0.2681224 -0.023801824 0.3729093 0.12346572 -0.025936402 -0.054582153 0.21351486 0.09301341 -0.26229572 -0.24324107 0.10016077 -0.0093425065 0.2561516 0.21587077 -0.027554307 -0.44328675 -0.3962377 0.368542 0.19047493 -0.47010836 0.014568314 -0.06392335 0.29270446 0.23179504 0.62770927 0.592577 0.027038325 0.37608215 -0.3692981 -0.4293963 0.73936445 0.1253994 -0.24221656 -0.26369283 0.25464922 0.24062651 0.54714507 0.63487136 0.23645674 -0.3666491 0.0019788158 -0.41511396 0.11456835 0.26428664 0.56719196 -0.46507093 -0.51739997 0.072837986 0.5756831 -0.2084962 -0.0037189827 0.28872383 -0.15330999 0.19904992 -0.17501332 0.17208244 -0.23598579 0.11173951 -0.11928459 -0.15309241 -0.41007 0.103546195 -0.15744199 -0.0099406075 -0.4189986 -0.31768066 -0.18123828 -0.07392417 -0.17525531 -0.2793276 -0.17370147 0.023657352 0.2074731 0.16090456 -0.24267836 0.042679746 0.06195813 -0.08276805 -0.28068915 0.06255226 0.49987954 -0.2536645 -0.06109205 0.0581996
0.06833852792409179 0.12674334814867916 0.13533528323661276 0.12674334814867916 0.10930705244733384 0.13365930993517047 1.0 0.10930705244733384 0.12674334814867916 0.13365930993517047 0.06833852792409179 0.10930705244733384 0.13365930993517047 0.13533528323661276 0.13533528323661276 0.13533528323661276 0.13533528323661276 0.13365930993517047 0.10930705244733384 0.13533528323661276 0.13533528323661276 0.10930705244733384 0.13533528323661276 0.13533528323661276 0.12674334814867916 0.06833852792409179 0.10930705244733384 0.12674334814867916 0.13533528323661276 0.12674334814867916 0.10930705244733384 0.06833852792409179 0.06833852792409179 0.12674334814867916 0.13365930993517047 0.13365930993517047 0.13365930993517047 0.10930705244733384 0.10930705244733384 0.12674334814867916 0.10930705244733384 0.06833852792409179 0.12674334814867916 0.16715155184722622 0.10930705244733384 0.13533528323661276 0.10930705244733384 0.13365930993517047 0.13365930993517047 0.13365930993517047 0.06833852792409179 0.12674334814867916 0.06833852792409179 0.06833852792409179 0.06833852792409179 0.10930705244733384 0.06833852792409179 0.06833852792409179 0.13533528323661276 0.06833852792409179 0.19546065 0.002789637 0.27743164 0.5213072 -0.11194296 -0.24742436 0.10452419 -0.18677127 0.03608969 -0.54485834 0.13461871 -0.035274114 -0.2964143 0.20654391 -0.36814758 0.074600905 -0.41709158 0.07469381 -0.3412132 -0.09512806 0.20208739 0.3071926 0.054244533 -0.08605873 -0.06973089 0.54384077 0.5214487 0.16921422 -0.71212214 0.15073982 -0.41983706 0.37942722 0.23952246 -0.47923324 -0.22909056 -0.82664835 0.3115401 -0.6396278 0.06211473 -0.07665422 0.25017282 0.42195606 0.09753634 -0.10518038 -0.46374455 0.28944317 0.4224998 -0.2868757 0.3505064 0.5933277 0.24018894 0.36648396 0.26733315 -0.24970573 0.026058909 0.0593716 0.4725675 -0.030584354 -0.007841761 -0.08448835 0.28721532 -0.0314769 -0.52366185 0.25093886 -0.3267642 -0.91927016 0.08156908 0.0010420884 0.11277298 -0.16812772 -0.83656883 0.11630854 0.29129893 0.0818149 -0.7732166 0.21547085 0.9500135 0.01579818 0.42278835 0.68556637 0.29613426 0.85882264 -0.5693986 -0.5333799 0.721624 0.80459785 -0.6467314 0.15208466 0.3080608 0.047626894 0.5994054 0.58976597 -0.16705383 0.09046879 -0.013690328 0.20816126 -0.15424623 0.51467824 0.43883964 -0.008345511 -0.53485507 -0.60285276 0.5120094 0.37217215 -0.30535787 0.07281314 0.21370699 -0.06728084 0.06935194 0.33087572 -0.7105135 -0.0610259 -0.017237935 0.22968116 0.10755543 0.15337892 -0.04834036 -0.17790973 -0.67886215 0.6974499 -0.7616134 0.07045904 0.11837981 -0.66808844 0.17255455 0.32089385 -0.17254405 -0.90125287 -0.09196178 0.29321247 -0.643018 0.072235204 0.1865962 0.22584215 0.22084723 -0.15853618 -0.010819984 -0.052114777
0.49306869139523984 0.12986738659265223 0.10930705244733384 0.12986738659265223 0.13533528323661276 0.24311673443421425 0.10930705244733384 1.0 0.12986738659265223 0.11987325010376206 0.11987325010376206 0.13533528323661276 0.11987325010376206 0.20574066108381447 0.10930705244733384 0.10930705244733384 0.10930705244733384 0.11987325010376206 0.13533528323661276 0.10930705244733384 0.10930705244733384 0.13533528323661276 0.10930705244733384 0.20574066108381447 0.12986738659265223 0.49306869139523984 0.13533528323661276 0.12986738659265223 0.10930705244733384 0.293832655878073 0.3678794411714424 0.49306869139523984 0.11987325010376206 0.12986738659265223 0.24311673443421425 0.11987325010376206 0.11987325010376206 0.13533528323661276 0.13533528323661276 0.12986738659265223 0.13533528323661276 0.11987325010376206 0.12986738659265223 0.11987325010376206 0.13533528323661276 0.10930705244733384 0.3678794411714424 0.11987325010376206 0.11987325010376206 0.11987325010376206 0.11987325010376206 0.12986738659265223 0.49306869139523984 0.11987325010376206 0.11987325010376206 0.13533528323661276 0.11987325010376206 0.11987325010376206 0.10930705244733384 0.11987325010376206 -0.21748447 -0.24709299 -0.0048990618 0.03865798 0.025981382 -0.38123128 -0.11922447 -0.21960326 -0.279745 -0.40471414 0.13817541 0.17622766 0.010472975 0.22454895 -0.116714925 0.37377274 -0.3249919 -0.46966723 -0.44807872 -0.13969378 0.04232449 0.38672146 -0.058872875 0.2601305 -0.34691995 0.005729938 0.3284283 -0.0051323953 -0.2036797 0.32176223 0.22576925 -0.2831238 -0.04366322 0.27933204 -0.19229195 -0.33752263 0.22442007 -0.21954049 0.061491698 -0.35000867 0.13843143 -0.01537565 -0.060934108 -0.1532515 -0.25088766 0.16474164 -0.13315308 -0.019363526 -0.07142745 0.12133015 0.31533593 0.25811046 -0.3118439 -0.25759903 0.15766153 -0.24934596 0.3433824 -0.1395424 0.29226762 -0.053378053 0.5614998 0.23029044 -0.26497722 -0.10979107 0.035520412 -0.30391693 0.24134633 0.47989488 0.092393965 -0.43205604 -0.25451925 0.07199971 -0.39073128 -0.8882836 0.08485013 -0.023925021 0.3769233 0.23905912 0.2572957 0.23447019 0.033697948 0.30149192 -0.2100377 -0.069121204 0.761616 0.37942332 -0.26706675 -0.13401237 0.32807043 0.27535036 0.48018822 0.4941002 0.07882444 -0.14254294 0.16447899 -0.08092683 0.076440476 0.18763126 0.5334797 -0.27133158 -0.61770636 -0.12841228 0.3630788 -0.18522146 0.20128866 0.31940985 0.1373812 0.2290684 -0.28469038 0.21248227 -0.07982463 0.07039455 -0.33629543 -0.27810305 -0.54213166 0.2987785 -0.07720059 -0.14462352 -0.52884215 -0.4505117 -0.08958791 0.07909899 -0.470008 -0.17946903 -0.2055608 -0.01014307 0.06416215 0.18902889 0.037827384 0.054728445 0.15335616 -0.22536497 -0.18016405 0.12991871 0.56994617 -0.51793057 0.014343751 0.0726336
0.0993207192366941 0.13533528323661262 0.12674334814867916 0.13533528323661262 0.293832655878073 0.1325591998305055 0.12674334814867916 0.12986738659265223 1.0 0.1325591998305055 0.0993207192366941 0.12986738659265223 0.1325591998305055 0.12674334814867916 0.12674334814867916 0.12674334814867916 0.2124192551730449 0.7492555730849976 0.293832655878073 0.12674334814867916 0.3560103202839479 0.12986738659265223 0.12674334814867916 0.12674334814867916 0.13533528323661262 0.0993207192366941 0.12986738659265223 0.13533528323661262 0.12674334814867916 0.13533528323661262 0.12986738659265223 0.0993207192366941 0.0993207192366941 0.2635971381157267 0.1325591998305055 0.1325591998305055 0.1325591998305055 0.12986738659265223 0.12986738659265223 0.13533528323661262 0.12986738659265223 0.31515189867220234 0.13533528323661262 0.0993207192366941 0.12986738659265223 0.12674334814867916 0.12986738659265223 0.23612931644846605 0.1325591998305055 0.1325591998305055 0.0993207192366941 0.13533528323661262 0.0993207192366941 0.0993207192366941 0.0993207192366941 0.12986738659265223 0.0993207192366941 0.0993207192366941 0.12674334814867916 0.31515189867220234 0.16185269 -0.22171764 0.035898894 0.032442562 0.2899899 -0.26557204 -0.29952532 -0.44122222 0.055075202 -0.13758244 -0.019596286 -0.38914704 -0.096197575 0.17373118 -0.15889777 0.26465458 -0.42209378 0.16701949 -0.47536936 0.087049745 0.13911459 0.23061675 -0.021440417 -0.2289966 -0.10174837 0.093762435 0.32509595 -0.45031095 0.24629603 0.017221194 -0.039140683 -0.4142609 0.29555267 -0.13048726 -0.34233123 -0.48998573 0.04719178 -0.3905074 0.0048847264 -0.42646322 0.22338608 -0.15377733 0.1947024 -0.13366383 -0.5790291 -0.07087794 0.16138174 -0.10075224 0.05813094 0.38748008 -0.25932458 -0.17600207 -0.13151543 -0.15499122 -0.13507965 0.041666266 0.085844986 0.112694174 -0.1525441 -0.13246483 0.2997432 0.110602275 0.115408115 0.14705674 0.13446534 -0.10064467 0.17818232 0.51664484 -0.1476324 -0.06862668 0.014054369 0.008563199 -0.08966716 -0.7111585 -0.20016348 0.5220589 0.2739294 0.094412744 0.5849699 0.3070896 0.14957972 0.29330665 -0.47254872 -0.6640422 0.44822362 0.18367574 -0.41134632 0.353124 0.010416403 -0.020054813 0.22315294 0.33765218 0.09461694 -0.013988532 -0.20901093 -0.054331202 0.38025028 0.04267633 0.14629035 0.21344122 -0.7672692 -0.2314818 0.19661097 -0.20878746 0.038812116 -0.21122949 -0.01931404 0.094190314 -0.13180731 0.11633998 -0.02681945 0.09890792 -0.6659699 0.24303284 -0.36590058 -0.14091693 -0.043595847 -0.6235197 -0.34193105 -0.21318814 -0.09197647 0.018567031 -0.46003532 -0.2961628 -0.17876041 -0.042283066 -0.058212046 0.012821535 -0.30663592 0.12385901 -0.26940635 -0.065743156 0.5203973 -0.23915938 0.08963149 0.4654544 -0.13602717 0.10144089
0.0820849986238988 0.1325591998305055 0.13365930993517047 0.1325591998305055 0.11987325010376206 0.1353352832366127 0.13365930993517047 0.11987325010376206 0.1325591998305055 1.0 0.0820849986238988 0.11987325010376206 0.1353352832366127 0.13365930993517047 0.13365930993517047 0.13365930993517047 0.13365930993517047 0.1353352832366127 0.11987325010376206 0.13365930993517047 0.13365930993517047 0.11987325010376206 0.13365930993517047 0.13365930993517047 0.1325591998305055 0.0820849986238988 0.11987325010376206 0.1325591998305055 0.13365930993517047 0.1325591998305055 0.11987325010376206 0.0820849986238988 0.0820849986238988 0.1325591998305055 0.1353352832366127 0.1353352832366127 0.1353352832366127 0.11987325010376206 0.11987325010376206 0.1325591998305055 0.11987325010376206 0.0820849986238988 0.1325591998305055 0.0820849986238988 0.11987325010376206 0.13365930993517047 0.11987325010376206 0.22313016014842982 0.1353352832366127 0.22313016014842982 0.0820849986238988 0.1325591998305055 0.0820849986238988 0.0820849986238988 0.0820849986238988 0.11987325010376206 0.0820849986238988 0.0820849986238988 0.13365930993517047 0.0820849986238988 -0.04819754 -0.11357129 0.23957951 0.18261078 -0.0003459306 -0.22873552 -0.24112272 -0.28961638 0.35830832 0.07975056 0.11557709 -0.405769 -0.034436993 0.021792985 -0.6207435 0.43854955 -0.1642838 0.084857635 -0.43474746 0.22739737 -0.3098111 0.18979892 -0.22717232 -0.597377 -0.23337671 -0.3202844 0.44251472 -0.43988892 -0.21961685 -0.03363855 -0.24843553 -0.40151426 0.26835737 0.41254568 -0.24009132 -0.48013443 -0.09262767 -0.33768433 -0.14350708 -0.20749506 -0.015425174 0.03230403 -0.117919065 -0.082577884 -0.49904168 0.1515696 0.16398859 -0.11289221 -0.29598194 0.7175255 0.10249627 -0.44650656 0.3516406 0.04818905 -0.1641729 0.10902071 0.43851793 0.13678788 -0.35554406 -0.050851684 0.38526234 -0.064126104 0.28619352 0.19909123 -0.3747511 -0.3998392 -0.008694858 0.2575764 0.35909444 -0.4208893 0.13535348 -0.16982226 -0.22597444 -0.7825559 -0.61485934 0.36600772 0.39804804 0.0869808 0.47171596 0.6514732 0.3122872 0.7406009 -0.7941874 -0.90613735 0.47290656 0.18964389 -0.20468085 0.36252722 -0.25749186 -0.073411725 0.78590727 0.48922724 -0.13912919 0.1740412 0.04501277 0.15170732 -0.005448843 -0.1273917 0.16581708 0.11992117 -0.36726576 -0.31782705 0.28557804 -0.26344144 -0.19985236 -0.029892698 0.03725935 0.074719176 -0.11970732 0.39846104 -0.087974586 -0.32967657 -0.43004742 0.09831826 -0.26125592 -0.13693382 0.054735493 0.22490907 -0.3868501 0.15278022 -0.43051517 -0.19367585 -0.16409825 -0.3176998 -0.35558692 -0.24067096 -0.1268855 -0.2988239 -0.3742439 0.13634509 -0.5243029 -0.3823229 0.9483937 0.01975591 0.043596596 0.1600935 0.06700587 -0.4829078
0.1353352832366127 0.0993207192366941 0.06833852792409179 0.0993207192366941 0.11987325010376206 0.0820849986238988 0.06833852792409179 0.11987325010376206 0.0993207192366941 0.0820849986238988 1.0 0.11987325010376206 0.0820849986238988 0.06833852792409179 0.06833852792409179 0.06833852792409179 0.06833852792409179 0.0820849986238988 0.11987325010376206 0.06833852792409179 0.06833852792409179 0.11987325010376206 0.06833852792409179 0.06833852792409179 0.0993207192366941 0.1353352832366127 0.11987325010376206 0.0993207192366941 0.16715155184722622 0.0993207192366941 0.11987325010376206 0.1353352832366127 0.1353352832366127 0.0993207192366941 0.0820849986238988 0.0820849986238988 0.0820849986238988 0.11987325010376206 0.11987325010376206 0.0993207192366941 0.11987325010376206 0.1353352832366127 0.0993207192366941 0.1353352832366127 0.11987325010376206 0.06833852792409179 0.11987325010376206 0.0820849986238988 0.0820849986238988 0.0820849986238988 0.1353352832366127 0.0993207192366941 0.1353352832366127 0.1353352832366127 0.1353352832366127 0.11987325010376206 0.1353352832366127 0.1353352832366127 0.06833852792409179 0.1353352832366127 0.12769742 -0.371122 0.521927 0.14582562 0.24835461 -0.32687446 -0.077096514 -0.37528008 0.0038061494 -0.550992 -0.3107881 0.04826529 -0.695729 -0.33466563 -0.06928185 0.005046459 -0.73455733 -0.25204813 -0.41688937 0.33645234 0.641915 0.22180437 0.14894894 0.23598453 -0.343199 0.17093399 0.39079705 -0.3411742 0.034990814 0.4577708 0.19308268 0.091365606 0.017177641 0.7086373 -0.08147723 -0.01584657 0.3384347 -0.3824004 0.16021982 0.031804953 0.21193336 -0.0024603226 -0.2662031 -0.29284453 -0.59941757 0.050989397 -0.23879638 0.011189167 0.16984072 -0.053003572 -0.15086627 0.23468119 -0.6129172 -0.01209092 -0.14297579 0.37566224 0.24549793 0.13791128 0.10456073 0.1401487 0.26674378 0.00053519127 -0.28951958 -0.41743717 -0.32538113 -0.21593767 -0.14793138 0.31944153 0.13798994 -0.3006078 -0.79030836 0.2195063 0.03888831 -0.65486324 -0.29437822 0.22326884 0.31837276 0.43284005 0.17710415 0.17208634 0.3139392 0.116064355 -0.5514115 -0.6487479 0.3977488 0.18821368 -0.2088585 0.14170149 0.06842779 0.33905855 0.248277 0.4511778 0.2316818 0.10530063 -0.3284277 0.39158884 -0.13827504 -0.19317007 0.21439154 -0.50793904 -0.5522847 -0.15521555 0.019326044 -0.006608232 -0.29182786 0.19419084 0.3043647 0.068815775 0.026602916 0.26157397 -0.13476455 -0.17693894 0.18345672 -0.06737647 -0.26541317 -0.24069624 0.13440904 0.0653426 -0.46419787 0.25556594 -0.23107739 -0.48313582 -0.33000007 -0.20895252 0.097580045 0.101027526 0.07859205 -0.17120746 -0.016162178 -0.042036187 0.27008757 0.04889165 -0.22189528 -0.23139147 0.68840545 -0.17406896 -0.30123702 -0.03236372
0.11987325010376206 0.12986738659265223 0.10930705244733384 0.12986738659265223 0.13533528323661276 0.11987325010376206 0.10930705244733384 0.13533528323661276 0.12986738659265223 0.11987325010376206 0.11987325010376206 1.0 0.11987325010376206 0.10930705244733384 0.10930705244733384 0.10930705244733384 0.10930705244733384 0.11987325010376206 0.13533528323661276 0.10930705244733384 0.10930705244733384 0.13533528323661276 0.10930705244733384 0.10930705244733384 0.12986738659265223 0.11987325010376206 0.13533528323661276 0.12986738659265223 0.10930705244733384 0.12986738659265223 0.13533528323661276 0.11987325010376206 0.11987325010376206 0.12986738659265223 0.11987325010376206 0.11987325010376206 0.11987325010376206 0.13533528323661276 0.13533528323661276 0.12986738659265223 0.13533528323661276 0.11987325010376206 0.12986738659265223 0.11987325010376206 0.13533528323661276 0.10930705244733384 0.13533528323661276 0.11987325010376206 0.11987325010376206 0.11987325010376206 0.11987325010376206 0.12986738659265223 0.11987325010376206 0.11987325010376206 0.11987325010376206 0.13533528323661276 0.11987325010376206 0.11987325010376206 0.10930705244733384 0.11987325010376206 0.32106984 -0.33639568 0.41160402 0.36947405 0.35404643 -0.6633809 -0.29871908 -0.7657314 0.10764306 -0.5219373 -0.23604853 -0.26561368 -0.099165544 -0.30862182 0.059204172 0.104645394 0.18888593 -0.38872397 -0.18244965 0.516088 0.2980097 0.52707183 -0.53989923 -0.15931286 0.2851215 0.32895094 0.5571773 -0.14367856 -0.22740586 0.46267605 0.13547643 -0.2320268 -0.23269089 0.17055765 -0.32628533 0.027185658 0.06451514 -0.2301442 0.5562531 -0.11466299 0.05048405 0.5016106 0.11633687 -0.17637557 -0.42351454 0.3189795 0.28173187 0.17329708 0.042985827 0.27927333 0.08614951 0.0030960375 0.5337664 -0.5954892 0.15858276 -0.18339404 0.7648948 -0.32569185 -0.116679706 -0.5581413 0.9656559 0.3828442 -0.29171148 -0.08987901 -0.3941071 -0.65439886 -0.6972219 0.08073224 -0.04738778 -0.023523202 -0.5600798 0.22138457 -0.020783862 -0.6183188 -0.7825255 0.04482378 0.36743358 -0.106001265 0.21950705 0.75341034 0.15667751 0.9738021 -0.43351427 -1.399092 0.41238782 0.6058984 -1.0165031 -0.327017 0.5640391 -0.2057677 0.62167287 1.1173358 0.44527566 0.3300773 -0.123904414 -0.6110336 -0.1651926 0.58660954 -0.0064201616 0.34971893 0.04629112 -0.7596605 0.41253093 -0.3665539 -0.063200966 0.044971723 0.23419951 -0.014480136 -0.26872575 0.44675374 -0.40584263 0.43277293 -0.23484248 0.007917292 -0.47081727 0.35707268 -0.31227317 0.3135863 -0.7551593 0.3041214 -0.5588732 -0.63448787 0.045495886 -0.8357847 0.39486977 0.10456702 0.11002725 -0.45760193 -0.2430089 0.09393866 0.18005557 0.3631079 0.83772254 0.17437918 0.3501441 -0.03597786 0.28717437 -0.17080003
0.0820849986238988 0.1325591998305055 0.13365930993517047 0.1325591998305055 0.11987325010376206 0.1353352832366127 0.13365930993517047 0.11987325010376206 0.1325591998305055 0.1353352832366127 0.0820849986238988 0.11987325010376206 1.0 0.13365930993517047 0.3269218953517579 0.3269218953517579 0.13365930993517047 0.1353352832366127 0.11987325010376206 0.13365930993517047 0.13365930993517047 0.11987325010376206 0.13365930993517047 0.13365930993517047 0.1325591998305055 0.0820849986238988 0.11987325010376206 0.1325591998305055 0.13365930993517047 0.1325591998305055 0.11987325010376206 0.0820849986238988 0.0820849986238988 0.1325591998305055 0.1353352832366127 0.1353352832366127 0.1353352832366127 0.11987325010376206 0.11987325010376206 0.1325591998305055 0.11987325010376206 0.0820849986238988 0.1325591998305055 0.0820849986238988 0.11987325010376206 0.13365930993517047 0.11987325010376206 0.1353352832366127 0.1353352832366127 0.1353352832366127 0.0820849986238988 0.1325591998305055 0.0820849986238988 0.0820849986238988 0.0820849986238988 0.11987325010376206 0.0820849986238988 0.0820849986238988 0.13365930993517047 0.0820849986238988 0.19699112 0.169516 0.044462595 0.27177978 0.29119045 0.019627828 0.17578967 -1.0451583 -0.0122137135 -0.27316362 0.1829292 0.12149295 0.43284968 -0.09659771 -0.12916388 0.05495469 -0.025527034 -0.36525667 -0.46691087 0.2754853 0.23806177 0.16368914 -0.10210286 0.036823172 -0.34488395 -0.437435 0.23270535 -0.38317853 -0.42907736 -0.107638784 -0.3093063 0.28847346 -0.2795664 0.43995604 -0.024577111 -0.80957687 0.36360407 -0.42369145 0.22110875 -0.089221954 0.19100794 0.37708664 -0.307391 0.038522284 -0.21419968 0.24826768 0.17289115 0.21350054 0.25335205 0.50237393 0.094350554 -0.20715897 0.05453102 0.065910436 -0.46647766 -0.07920868 0.39318514 0.587778 -0.31573427 -0.5408276 0.49224225 0.024893807 -0.07605964 -0.25872156 -0.4356981 -0.39983308 -0.034045573 -0.11227712 -0.255316 -0.14018583 -0.6620033 0.17001963 -0.30241874 -0.19026323 -0.29599315 0.4289621 0.9311534 0.36785787 0.31747666 0.47749987 0.35001865 0.14348775 -0.05257693 -0.870531 0.6482774 0.5418975 -0.4566919 0.055359356 0.26622587 -0.009779069 0.6540276 1.2404811 0.12127916 0.8769964 -0.10842413 0.30256212 -0.22157368 0.61208177 0.33538258 -0.08255349 -0.28548095 -0.16023193 0.27706817 -0.08095984 -0.062158477 -0.50275105 0.05349251 0.16231908 0.44011018 0.01000272 -0.70048124 0.082072 -0.3388362 -0.17676763 -0.49019682 0.6669144 0.26746643 0.24286996 -0.037709605 0.11940973 -0.36732906 -0.14890432 -0.44877118 -0.26753944 -0.14765234 0.5196407 0.0018772534 -0.4940296 -0.07411678 0.46538413 0.006097879 0.2954839 0.9037699 0.39034653 0.5875694 -0.05380285 -0.019515645 0.012183677
0.16715155184722622 0.12674334814867916 0.13533528323661276 0.12674334814867916 0.10930705244733384 0.2090362526821938 0.13533528323661276 0.20574066108381447 0.12674334814867916 0.13365930993517047 0.06833852792409179 0.10930705244733384 0.13365930993517047 1.0 0.13533528323661276 0.13533528323661276 0.13533528323661276 0.13365930993517047 0.10930705244733384 0.20189651799465547 0.13533528323661276 0.10930705244733384 0.20189651799465547 0.20189651799465547 0.12674334814867916 0.16715155184722622 0.10930705244733384 0.12674334814867916 0.20189651799465547 0.3560103202839479 0.20574066108381447 0.16715155184722622 0.06833852792409179 0.2124192551730449 0.3269218953517579 0.13365930993517047 0.13365930993517047 0.10930705244733384 0.10930705244733384 0.2124192551730449 0.10930705244733384 0.06833852792409179 0.12674334814867916 0.06833852792409179 0.10930705244733384 0.13533528323661276 0.20574066108381447 0.13365930993517047 0.13365930993517047 0.13365930993517047 0.06833852792409179 0.12674334814867916 0.16715155184722622 0.06833852792409179 0.06833852792409179 0.10930705244733384 0.06833852792409179 0.06833852792409179 0.13533528323661276 0.06833852792409179 -0.077048935 -0.28293926 0.15559994 -0.048425138 -0.0051530744 -0.2988818 -0.16750275 -0.2606673 -0.4109462 -0.4482398 0.054790966 -0.2807931 -0.44035068 0.15133852 -0.4014626 0.38105628 -0.4760896 -0.31687796 -0.32707676 0.010013951 0.36146098 0.31669253 -0.122473374 0.10397701 -0.4521896 -0.14791152 0.18902346 -0.29288134 -0.120194085 0.16457513 0.060015738 0.0054130303 0.037233956 0.4529387 -0.10479375 -0.27775827 0.11280518 -0.115036264 0.04252708 -0.43646228 0.13692018 -0.35725832 0.12983952 -0.2696911 -0.31661737 0.1246495 -0.015397341 -0.22391035 0.1092415 0.42250696 -0.043066226 0.19434313 -0.3796227 -0.11783701 -0.0630268 -0.0642898 0.10468996 0.09295252 0.11743442 -0.11488111 0.08565942 0.22862229 -0.46044552 -0.1719733 0.022863716 0.09828165 0.1268887 0.42286736 -0.06771068 -0.33756366 -0.08829777 0.13941991 -0.0067996103 -0.7568136 -0.12840308 0.29534766 0.05476769 0.3505051 0.41590136 0.26161405 0.27314407 0.121235676 -0.40798363 -0.45208725 0.43863428 0.030987937 -0.107095905 -0.042129304 -0.17246626 0.31383717 0.54023546 0.11226194 0.099380195 -0.100063324 -0.1674768 0.097914696 -0.0150798885 0.012985669 0.52893335 -0.1578333 -0.7921142 0.25761455 0.44993907 0.07695136 -0.01326945 0.27879962 0.09472639 0.05126338 -0.028073037 0.13570532 -0.019100375 0.016053388 -0.29788092 -0.2068319 -0.4343788 0.12829748 -0.27263552 -0.14931838 -0.4318551 -0.22292353 -0.20296054 0.1130646 -0.532386 -0.15759178 -0.23471823 0.033387695 -0.05213644 0.022050435 0.09903477 0.058309495 0.06792332 -0.34418273 -0.10531023 -0.37352452 0.3546309 0.02932561 -0.19517456 0.09143491
