0.0000 0.3640 0.1375 0.3357 1.3549 0.0000 0.8222 0.9774 0.0000 0.0000 0.8684 0.0000 0.0000 0.0000 0.0000 0.0000 0.3910 0.0000 0.0000 0.0000 0.0000 0.0000 0.0000 0.0000 1.5525 0.4917 0.8109 0.0000 2.3710 0.6367 0.4601 0.6639 0.7848 0.4407 0.0000 0.0000 1.1207 0.0000 0.0000 0.0000 0.0000 0.0000 0.4111 0.0000 1.1883 0.1316 0.0000 0.2738 0.5691 0.0000 1.2182 0.0922 0.0000 0.0000 0.7420 0.0000 0.2932 0.5784 1.8625 0.0000 0.0000 0.0000 1.7304 0.8121 0.0000 0.0000 0.1741 0.0000 1.1656 0.2947 0.9464 0.0000 0.0000 0.0061 0.0000 0.0000 1.1375 1.7714 1.8212 0.6970 0.2852 0.0000 0.0000 0.0000 0.0000 1.7025 0.0000 0.1123 0.0000 0.5577 0.2508 0.2665 0.0000 0.7650 0.0000 0.3395 0.0000 0.7990 0.1721 0.4725 0.5013 0.8925 1.5061 1.3493 0.8692 0.0000 1.8712 0.7653 0.0000 0.0000 0.0659 1.8704 0.0000 0.0000 0.0000 0.0000 0.0000 0.0000 0.0000 0.6380 2.0728 1.0507 0.0000 0.5885 2.1620 0.8685 0.0000 0.0000 0.0000 0.0000 0.0000 0.0000 0.5072 0.6108 1.1307 0.0000 0.0000 1.1375 0.8074 0.6156 2.0525 0.0000 0.6410 2.2353 0.0000 1.7919 0.0000 0.0000 0.3009 0.0000 0.0000 0.0000 1.4832 0.0000 0.0000 0.0000 0.0000 1.1692 1.2910 1.0939 0.0000 0.0000 0.5218 0.4755 0.4359 0.0000 0.7163 0.4058 0.2909 0.9015 0.0000 0.0000 0.8494 0.6789 0.0000 1.7887 0.1755 0.1254 0.0000 0.7756 0.3321 0.5068 0.0000 0.0000 0.0000 0.0000 0.0000 0.0000 0.7953 0.0000 0.0000 1.0916 0.0000 0.4527 0.6361 0.0000 3.0663 0.0000
0.1728 0.0000 0.0000 0.0000 0.0000 0.3805 0.0000 0.2585 0.0000 0.0000 1.0872 0.0000 0.0000 0.1182 0.0000 0.1929 0.0000 0.0000 0.0000 0.5440 0.8665 0.0000 1.0166 0.0000 0.0000 0.4752 0.0000 0.0000 0.1446 0.4520 0.0000 0.0000 0.1648 0.8840 0.4500 0.0000 0.0000 0.0000 0.0000 0.0000 0.7113 0.0000 0.9022 0.2828 0.0068 0.0000 0.0000 0.0000 0.0457 0.6128 0.4602 0.2828 0.5016 0.7052 0.2532 0.0000 0.4727 0.7838 0.5350 0.0000 0.0000 0.0000 1.0334 0.2594 0.0000 0.0000 1.4631 0.8375 0.0650 0.0000 0.0000 0.0000 0.0255 0.0000 0.0000 0.0000 0.8244 0.0000 0.3830 0.0000 0.0000 0.0000 0.0000 0.9197 0.3412 0.4104 0.7557 0.0000 0.0000 0.4486 0.0000 0.2223 0.0000 0.1238 0.0000 0.8710 1.4672 0.0000 0.0000 0.2002 0.0000 0.1745 0.2253 0.5904 0.1564 0.5670 0.6520 0.0000 0.1578 0.0000 0.0000 0.9128 0.0000 0.0000 0.0000 0.4813 0.0000 0.0000 0.0000 0.8197 0.0000 1.1263 0.2740 0.0000 0.0000 0.7571 0.9865 0.2172 0.0000 0.7651 0.0000 0.0000 0.2751 0.5455 0.0707 0.6853 0.0000 0.0462 0.5828 0.0000 0.0000 0.0000 0.3360 0.0000 0.8258 0.0000 0.6143 1.2520 0.8067 0.0000 0.0000 1.3928 0.0920 0.4948 0.5028 0.0000 0.0242 1.6355 0.0000 0.0000 0.3656 0.0000 0.0000 0.2516 0.0000 0.0000 0.4314 0.0000 0.5181 0.0000 0.0000 0.0000 0.0000 1.3906 0.0000 0.6537 0.2365 0.0000 0.0000 0.6617 0.0000 0.0000 0.0000 0.1928 0.0000 0.0864 0.0000 0.0000 0.0000 0.0618 0.0000 1.3509 0.1399 0.4249 0.0000 0.0000 1.3379 0.0283
0.0000 0.0000 0.0000 0.0000 0.0000 0.5311 0.0000 0.0000 0.9148 0.1212 0.0000 1.4686 0.0000 0.0000 0.0000 0.0000 4.3090 0.0000 0.6263 0.0000 0.0000 2.0375 0.0000 0.0000 2.0237 0.0000 0.0000 0.0000 2.4146 0.0000 0.0000 1.6940 0.0000 0.0000 0.0000 0.0000 0.0000 0.0000 0.4989 0.0000 0.0000 0.0218 0.0000 0.0000 1.6734 1.3664 0.7356 0.0000 0.0337 0.0000 1.3570 1.2198 3.2361 0.0000 0.0000 0.0000 0.0000 0.0000 0.0000 0.8945 0.0000 0.0000 2.7376 3.9388 0.0000 0.0000 0.0000 0.5980 2.0630 0.0000 2.8963 1.1071 0.0000 0.0000 0.5887 4.1110 0.0000 0.5208 0.8781 0.3185 0.9203 2.2187 0.0000 0.0000 0.0000 1.9393 0.0000 4.1974 2.3794 1.4339 0.0000 0.0000 0.0000 0.0000 0.0000 0.0000 0.0000 2.5929 0.2150 0.0000 0.0000 0.2655 0.0000 0.0000 1.6192 4.1336 4.3951 1.4681 0.0000 0.0857 0.0000 0.0000 1.6822 0.1432 0.0000 0.9372 0.0000 0.0000 0.0000 0.0000 2.6094 0.0000 0.0000 0.0000 0.0000 0.0000 0.0000 0.0000 0.3144 2.2671 3.3504 0.0000 0.0000 2.7781 0.0000 0.0000 0.0000 0.0000 0.0000 0.0000 1.6702 0.5119 1.4674 0.7270 1.3068 2.1473 0.2219 2.3850 0.0000 2.2655 0.0000 0.0000 2.8773 0.0000 1.1778 0.0000 0.0000 1.7814 0.1299 0.0000 2.2755 2.4305 3.4249 2.1021 1.9679 0.0000 0.0000 0.3648 0.0000 0.9417 1.0670 0.6495 2.2140 2.1117 0.0000 1.2059 3.4003 0.0000 0.0000 0.0000 1.5215 0.0957 0.0000 0.0000 0.0000 3.8694 0.0000 0.0000 2.9325 0.5476 2.1744 0.0859 0.9713 0.6882 0.0000 0.0000 0.1181 0.9233
0.0000 0.0000 0.0000 0.7787 0.0000 1.2313 3.6602 5.2549 0.0000 0.4234 1.8840 4.9395 0.0000 0.0000 4.7173 0.0000 0.0000 4.1828 0.0000 0.0000 0.0000 4.5659 0.0000 0.0000 0.0000 0.0000 0.0000 0.0000 0.7621 0.0000 7.1614 3.8609 4.1052 0.0000 0.0000 1.8819 0.0000 0.0000 0.0000 0.0000 1.1360 5.1989 2.2989 0.0000 0.0000 0.0000 0.0000 0.0000 0.0000 0.0000 0.8995 5.6505 0.0000 2.2465 0.0000 0.0000 0.0000 1.6282 6.2191 3.3491 1.3087 0.9014 0.0000 0.6768 3.7027 0.0000 0.0000 0.0000 1.5596 0.0000 1.7338 4.9538 0.4787 0.0000 0.0000 3.2534 0.0127 3.9721 1.1119 4.0769 0.0000 5.1326 3.1216 0.3751 0.0000 0.0000 0.0000 2.4831 1.9588 0.0000 2.2199 2.2658 4.4868 0.0000 5.8168 0.0000 0.0000 3.9633 0.0000 0.0000 3.6627 0.0000 1.4384 0.0000 4.8727 2.4170 2.7543 0.0000 0.0000 0.0000 0.0000 0.0000 0.0000 3.4071 0.0000 0.0000 4.6326 0.0000 0.0000 0.0000 3.9106 0.0000 0.0000 0.1940 0.0000 0.0000 0.0000 0.0000 2.3069 2.7402 0.3785 1.5976 0.0000 3.9735 0.0000 3.8178 2.3808 0.0000 0.0000 1.6538 4.5388 0.0000 0.0000 0.0000 0.5131 2.1781 0.0000 0.0000 0.0000 2.5657 0.8735 0.0000 2.9150 0.8828 0.0000 1.2092 3.6826 0.0000 0.4653 0.0000 0.0000 0.0000 1.2247 1.2502 0.0000 0.0000 1.8597 0.0000 2.1226 0.0000 0.0000 1.8285 0.0349 0.0000 3.8641 0.4501 0.5187 0.0000 0.0000 0.0000 6.4454 4.2662 0.0000 0.0000 3.7537 0.3313 1.4696 2.9802 0.0000 0.0000 2.1644 0.0000 5.3730 5.5325 1.1546 3.9230 0.0000 3.4882
0.5993 0.0000 0.0000 1.4734 0.2627 0.0000 0.0000 1.3341 0.0000 2.8407 0.0000 3.0690 1.1311 0.0000 1.1409 0.0000 1.1968 2.0453 0.5635 0.0000 0.0000 2.0073 0.0000 0.0000 0.6866 0.0000 0.8031 0.9689 2.9333 0.0000 0.2475 0.3429 2.2154 0.0000 0.0000 2.0652 1.9638 0.0000 0.0000 0.0000 0.0000 0.5510 0.0000 0.0000 0.0000 0.0000 0.0000 0.3649 0.0000 0.0000 0.7918 0.0000 0.0000 1.5907 0.0000 0.0000 0.0000 0.0000 0.0000 3.4866 1.4013 0.0000 0.0000 2.4203 0.7732 0.0000 1.8105 0.0000 0.0000 1.4650 3.0443 0.6863 0.0682 0.0000 0.0000 0.0000 0.0000 1.0681 0.0000 1.5074 3.8696 0.6783 0.0000 0.0000 0.1231 1.2393 0.0000 2.0728 0.0000 0.2411 0.0000 0.0000 1.8288 0.5795 0.0000 0.0000 0.0000 0.0000 2.8981 0.0000 0.0000 0.0000 0.0000 0.0000 0.0000 0.8129 1.4715 0.0000 0.0000 0.0000 0.0000 0.0000 0.8378 1.4428 0.0000 0.2394 0.9907 0.0000 0.0000 0.0000 0.0000 0.0000 0.0000 0.0000 0.0000 0.0000 0.0000 0.0000 3.5515 2.8061 1.1131 0.2993 0.0000 2.8447 0.0000 1.0816 1.3346 0.0000 0.0000 0.0000 1.7369 0.0000 2.6954 1.5695 0.4569 2.3184 0.0087 0.0000 0.0000 2.6379 0.3377 0.0000 1.1669 0.0000 0.0000 1.0609 0.9767 0.0000 1.6515 0.0000 0.0000 0.0000 0.2117 0.0000 1.8793 1.5687 0.0000 1.6169 0.0000 0.0000 1.2229 0.0000 0.8748 0.5978 0.5177 0.0000 2.7871 0.1813 0.2823 0.0000 0.0000 0.0557 1.1195 0.5381 1.1984 0.5394 1.9752 0.5318 0.0000 0.2718 0.0000 0.5712 0.6159 3.6776 0.0000 4.5508 0.6268 0.4685
1.3932 3.2307 0.0000 0.0000 1.0355 0.0000 0.0000 0.0000 0.0000 0.0000 0.0000 0.0000 0.0000 0.0000 1.1670 0.1332 0.1440 0.0000 0.0000 1.7593 0.0000 0.8198 0.0000 0.0000 0.0000 3.2947 2.1051 0.7138 1.0814 0.0000 0.7640 0.0000 0.0000 0.0000 0.0000 1.2830 1.9197 0.0000 0.0000 0.0000 0.1475 1.4207 0.7701 0.0000 0.0000 1.9618 0.0000 0.0000 0.8897 0.6026 0.0000 0.0000 0.0000 0.0000 0.0000 0.0000 0.0000 0.0000 0.0000 0.0000 1.8931 1.2047 2.7322 0.0000 0.0000 0.7051 0.0000 0.0000 1.1247 0.7802 0.0000 0.1798 0.0000 0.0933 0.0000 1.0613 0.0000 0.5418 0.0000 0.0000 1.6137 0.0000 1.1235 0.0000 0.0000 0.0000 0.0000 1.1079 0.0000 4.8418 0.0681 0.9166 1.5219 1.1206 0.0000 2.3133 0.0000 1.8730 0.0000 0.0000 0.0000 0.0000 0.6428 0.0000 1.9987 1.4194 0.3031 0.0000 0.5322 0.0000 0.0000 0.0000 0.0000 3.0607 0.0000 0.0000 0.0000 0.0000 0.0000 0.0000 0.0000 0.0606 0.2671 0.0000 0.0000 1.2306 0.7451 0.0000 1.9312 0.0000 0.0000 1.8007 0.0000 0.0000 0.0000 1.4732 0.0000 0.0000 0.7479 0.6051 0.9195 0.5945 0.0000 1.3246 0.0000 0.0000 0.4673 0.7577 0.0000 0.5499 2.0610 0.2961 0.0000 0.0381 0.0000 0.4552 0.0000 0.6892 0.0000 0.7308 0.3689 0.0000 0.9398 0.8286 0.0000 3.6383 0.0000 0.0000 0.0000 3.2381 0.0000 0.7078 0.9112 0.0000 0.6767 0.4352 0.0000 2.5561 0.0000 0.9366 1.0559 0.0000 0.0000 0.0000 1.5249 0.0000 0.0000 0.9417 3.0568 0.7391 0.2362 0.0000 0.0000 0.0000 0.9085 2.4120 0.0000 0.0000
2.6562 3.6976 0.0000 0.0000 0.0000 0.0000 1.7881 3.8977 1.0943 0.0000 2.3409 2.1564 0.0000 0.0000 0.0000 1.7218 2.5509 3.6891 0.0000 0.0000 0.0000 1.6370 0.0000 0.0000 0.0000 0.0000 0.7667 0.0000 0.0000 0.0000 0.5025 0.0000 0.7728 0.0000 0.7195 2.4814 4.2356 0.0000 0.0000 0.0000 0.0000 0.2391 1.4848 2.9909 3.1077 4.6593 4.7807 0.4019 0.0000 0.0000 0.0000 0.0000 0.0000 0.0000 1.0635 0.0000 0.0000 1.5392 0.0000 0.0000 4.0213 0.0000 0.0000 0.0000 1.6492 0.0000 0.0000 0.0000 3.0697 2.5916 0.0000 0.0000 4.7971 0.0000 1.1134 0.0000 0.0000 1.3660 0.0000 0.0821 0.0000 1.5160 0.0000 0.0000 0.0000 0.0000 0.0000 1.4926 0.0000 2.5871 4.3046 0.0000 3.4071 0.0000 0.0000 1.1580 0.0000 3.5641 1.0548 0.8338 0.2345 0.0000 0.1087 0.0000 2.8912 0.0000 0.0000 0.5044 1.0080 0.0000 1.5279 0.0597 1.1719 0.0000 0.0000 0.0000 0.0000 1.6634 0.0000 0.0000 1.7611 0.0000 0.0000 0.0000 0.5093 0.6570 0.0000 0.0000 1.5730 0.0000 2.0483 0.0000 0.0000 0.6724 3.3895 1.3673 0.0000 0.0000 1.1736 0.0000 1.3490 0.0000 0.0000 0.5556 0.0000 0.0000 0.0000 1.7720 0.0000 3.1036 1.7752 0.0000 0.0000 1.4021 0.0000 0.0000 0.4485 0.0000 0.0000 0.6677 0.0000 0.0000 4.9650 0.0000 3.1880 1.6421 0.0000 3.2071 0.0000 0.0000 0.0000 1.5233 1.9035 0.0000 1.5226 4.5266 0.0000 4.0503 0.0000 0.6102 0.8818 0.0916 2.3196 0.7726 0.0000 1.0192 1.7583 0.8541 2.4735 0.3293 0.0000 0.0000 1.2762 0.0000 0.0000 0.0000 0.0000 0.0000
0.6423 0.0000 0.0000 0.8428 0.6775 2.0128 0.0000 0.0000 0.0000 0.0000 0.0000 0.0000 0.0000 1.0007 0.0000 0.3416 0.7179 0.0000 0.1995 0.0000 0.4414 0.0000 0.0000 1.1216 0.0787 0.8145 0.0000 0.3655 0.0000 0.0000 0.0000 1.2772 0.0000 0.0000 3.1185 0.0000 0.0000 0.0000 0.0000 0.6469 0.0000 0.0000 0.4290 0.0000 0.0000 0.0362 0.7028 0.3284 0.0000 0.0000 1.1335 0.5533 0.8601 0.0000 0.0000 0.9217 0.0000 0.0000 0.0000 0.0000 0.4978 0.0000 0.0000 0.1205 0.0000 0.8855 0.0000 0.8656 0.4981 1.6650 0.0000 0.0000 0.3826 0.0000 0.0000 0.0000 0.6037 0.9164 0.7342 1.1094 0.5812 0.0000 0.3776 0.0000 0.0000 0.0000 0.8326 0.0000 0.8843 0.0000 0.0000 0.0000 0.0000 1.1526 0.0000 0.0000 0.0000 0.0000 0.0000 0.0000 0.4782 0.0000 0.0000 0.0000 0.0000 0.0000 0.8099 0.0000 0.8729 0.0000 0.0000 0.7060 0.4733 0.0000 1.2022 0.1747 0.0000 0.2682 1.6991 0.9164 0.0000 0.7292 0.0000 0.3878 0.0000 0.4216 0.0000 1.8933 0.0000 0.1308 0.0000 0.1430 0.5688 0.0000 0.0000 0.0000 0.0000 0.0000 1.6096 0.0000 0.0000 0.0000 0.0273 0.0000 0.0000 0.4612 0.0000 0.6680 0.7428 0.0000 0.0000 0.0000 0.0112 0.0000 0.0000 0.0000 1.3683 0.0000 0.0000 0.0000 0.0000 1.3594 0.0000 0.0000 0.0000 0.0000 0.0000 0.5944 0.0000 0.6012 0.6076 0.2063 0.0000 0.6397 0.3851 0.7226 0.0000 0.0000 0.0000 0.0000 0.0000 0.0000 0.0000 0.0869 0.6028 0.0000 0.0000 1.6254 0.7771 0.0000 0.1200 0.5058 0.3186 0.0000 0.3254 0.0000 1.2796 0.0000
0.3841 0.0000 0.2631 0.7792 0.0000 0.0000 0.0000 0.0000 0.0000 0.7652 0.0000 0.2443 0.0000 1.0363 0.0000 0.0000 0.0000 0.0000 0.3360 0.0000 0.0000 0.0000 0.3655 0.5394 0.0000 0.1758 0.0000 0.0000 0.0000 0.5006 0.0002 0.5506 0.0000 0.0000 0.0317 0.0000 0.0000 0.4954 0.5925 0.0000 0.0000 0.0000 0.0000 0.0000 0.4794 0.0000 0.0000 1.4397 0.0000 0.0000 0.0000 0.0825 0.5123 0.0000 0.0000 0.9263 0.0000 0.0000 0.0000 0.0000 0.0000 0.4386 0.9957 0.0000 0.5398 0.0000 0.2483 1.1634 0.0000 0.0000 0.1544 0.0000 0.0000 0.0000 1.1838 0.5985 0.5957 0.0000 0.0000 0.5318 0.0000 0.1228 0.3221 0.0000 0.4048 0.5308 0.0000 0.0000 0.0000 0.3702 0.0000 0.0000 0.4571 1.3464 0.1557 0.5409 1.3541 0.0000 0.5610 0.8261 0.1235 0.0000 0.0000 0.0000 0.1680 0.5549 0.0000 0.0000 0.6825 0.3160 0.0000 0.0000 0.0000 0.0000 0.0365 0.0000 0.5668 0.0000 0.6015 0.9553 0.0000 0.0000 0.3181 0.0000 0.1627 0.0000 0.4582 0.9953 0.0000 0.0000 0.0000 0.6793 0.0000 0.0000 0.1319 0.1072 0.1493 0.8982 0.0000 0.0000 0.0000 0.0000 0.1783 0.0000 0.3483 0.0000 0.0000 0.0000 0.1122 0.0000 0.6067 0.8322 0.0000 0.0000 1.2632 0.0000 0.0000 0.3718 1.1666 0.0000 0.0000 0.0000 0.0000 0.6126 0.0758 0.0000 0.8898 0.0000 0.0000 1.5096 0.1792 0.4736 0.0744 0.0000 0.0000 0.3341 0.8806 0.0300 1.1465 0.6479 0.0000 0.6393 0.0000 0.0254 0.0000 0.1182 0.0000 0.0000 0.2511 1.5356 0.1848 0.3707 0.0000 0.2964 0.0000 0.0000 0.0000 0.0000
0.3034 0.2217 0.0000 0.0000 0.4530 0.5931 0.0000 0.0000 0.3495 0.0000 0.0000 0.0000 0.0000 0.4178 0.0754 0.1362 0.0000 0.8261 0.0970 0.0000 0.2951 0.0000 0.4175 0.0000 0.6555 0.0000 0.0000 0.7335 0.0000 0.2697 0.0000 0.0930 0.0000 0.0000 1.5870 0.0000 0.0000 0.0000 0.0000 1.1118 0.0000 0.0000 0.0000 0.0000 0.0000 0.7974 0.6158 0.0000 0.7925 0.0000 1.5340 0.0000 0.5636 0.4098 1.1615 0.0000 0.0000 0.1984 0.0000 0.2056 0.0000 0.0000 0.0000 1.9392 0.0866 2.2510 0.1348 0.0000 0.7617 0.0000 1.4450 0.0000 0.2465 0.0000 0.2133 0.1910 0.0000 0.3903 1.4874 0.0000 0.0000 0.8883 1.0402 0.0000 0.3261 0.0000 1.1412 0.0000 1.8735 0.0000 0.0000 0.0000 0.0000 0.0000 0.0000 0.0000 0.0000 0.0000 0.0000 0.0000 1.7914 0.3857 2.1537 0.1727 0.0000 0.0000 0.4935 0.0176 0.6693 0.1690 0.0000 0.7820 0.9374 0.0000 0.0000 0.2062 1.6954 0.8550 0.0000 1.5947 0.0000 0.0000 0.0000 0.0000 0.3118 0.1912 0.0000 1.1738 0.0000 0.0547 0.0000 0.0000 0.1474 0.0000 0.9994 0.0000 0.2352 0.6876 0.0000 0.0000 0.1665 0.0000 0.3236 0.0000 1.1601 0.5059 0.0000 0.0000 1.3364 0.0000 0.0000 1.2838 0.0000 0.0000 0.2354 0.7204 0.7767 0.6200 2.0028 1.4088 0.0000 0.0070 0.7302 1.1588 0.0000 0.0000 0.4519 0.9742 0.7401 0.0000 0.0000 0.0000 0.0000 0.0160 0.8373 1.2099 0.7935 0.3341 0.1300 0.0000 0.0000 0.3632 0.4012 0.0000 0.5013 0.2248 0.0000 0.7375 0.1025 0.0000 0.0000 1.1196 0.0000 0.9789 0.0941 0.1026 0.9461 0.0000
0.8563 0.1790 0.0000 0.0000 0.9436 1.2303 0.0000 0.3791 0.0000 0.0000 0.4999 0.0000 0.1855 0.1918 0.0000 0.0000 0.0000 0.4561 0.0000 0.6120 0.2548 0.0000 0.7116 0.0395 0.4313 0.6966 0.0000 0.0000 0.0000 0.2768 0.0000 0.0000 0.0000 0.9340 0.0000 0.0000 0.0000 0.0000 0.0000 1.1939 0.0222 0.0000 1.9363 0.0000 0.0000 0.1917 0.0000 0.0000 1.1777 1.8058 0.0000 0.0000 0.0731 0.3290 1.6700 1.4948 0.9007 1.1586 0.2108 0.0000 0.0000 0.0000 0.0000 0.0000 0.0000 0.0000 0.0000 0.0000 0.0000 0.0000 0.0000 0.4181 0.0000 0.0000 0.0000 0.0000 0.0000 0.0000 0.0000 0.0000 0.0000 0.3935 0.0000 0.1952 0.3190 0.6165 1.5914 0.0000 0.0000 0.0000 0.5127 0.0088 0.0000 0.4698 0.0866 0.0000 1.8554 0.0000 0.9071 1.4462 0.7401 0.0581 1.2010 0.7171 0.4962 0.0000 0.0000 0.0000 1.3511 0.0303 0.3028 0.0000 0.0000 0.0000 0.0000 0.0000 0.0000 0.0000 0.2321 2.4958 0.0000 0.2420 0.5517 0.2573 0.8566 0.8832 0.0000 0.0000 0.8005 1.0578 0.0000 0.0000 0.0000 0.0000 0.0000 1.0997 1.2332 1.3578 1.3757 0.7297 0.0000 0.0000 0.0036 0.0000 0.6188 0.0000 0.1135 0.0000 0.7238 0.0000 0.0000 0.0000 0.0000 0.0000 0.9014 0.0000 0.0000 1.3070 0.9514 0.8370 1.2795 0.7816 0.0000 1.4720 0.0000 0.0000 0.1851 0.0000 1.4512 0.8319 0.0000 0.0000 0.0000 0.0000 0.1910 0.7039 0.0000 0.0000 0.0000 0.0000 0.0000 0.0000 1.2491 0.2579 0.0000 0.0000 0.0000 0.2206 0.0000 0.1100 0.0000 0.8076 0.0000 0.0000 0.0000 0.0000 1.2804 0.0000
0.0000 0.3474 1.9026 2.0860 0.0000 0.3464 0.0000 1.2823 0.0000 0.0000 0.8721 0.0000 0.0000 0.0000 0.0000 0.0000 2.0417 0.0000 2.3401 0.0000 0.0000 1.2676 0.0000 0.0000 0.0000 1.0534 0.0000 0.0000 1.4318 0.0000 0.2721 0.3509 2.1247 0.0000 0.0000 0.0000 1.4673 0.0000 0.2533 0.0000 0.0000 0.0000 0.0000 0.9152 1.1018 1.8664 0.3588 0.1688 0.0000 0.0000 2.1524 0.5728 0.8380 1.0362 0.0000 0.0000 0.6973 0.4977 0.0013 0.4497 0.0000 0.6618 0.0000 0.4073 0.2387 0.0000 0.0000 0.7828 1.8967 0.0138 0.0000 0.3501 0.0000 0.0000 0.0000 0.4222 1.6568 0.0000 0.0000 0.0000 0.0000 1.6362 2.2205 0.0365 0.0000 0.0000 0.0000 1.3219 0.0000 0.0008 0.0000 1.9986 1.8376 0.0000 0.0000 0.0000 0.0000 1.9427 0.0000 0.5540 0.0000 0.0000 0.0000 0.0000 0.0000 1.6317 1.7844 3.9854 1.9037 1.8342 0.2755 0.0000 2.8946 0.0000 1.0937 0.5186 1.9368 1.7068 0.0000 0.2398 1.3728 0.0000 0.0000 0.0000 0.0000 0.2749 0.0000 1.2933 1.4197 1.5577 0.0000 0.0000 0.1090 0.6066 0.0000 0.7317 0.0000 0.0000 0.0000 2.1018 0.7792 1.4841 0.0000 0.0000 0.0003 0.0000 0.0000 2.5927 0.0000 3.0545 0.1012 0.0000 0.0000 0.0000 0.0000 0.0000 0.0000 2.3683 0.1476 0.9338 1.7338 0.0000 0.1194 0.1865 0.0000 0.0000 0.0000 1.8402 0.5167 1.5248 0.0000 0.0000 0.0000 0.0000 1.5885 0.0000 0.0000 0.0000 0.0000 0.0000 0.5162 3.1808 0.5481 0.7248 0.0000 2.1826 0.0000 2.7137 0.0000 0.0000 2.3231 0.0000 1.8452 0.8365 0.0000 1.5884 0.0000 0.0000
0.5253 0.0000 0.0000 0.0000 0.0000 0.6498 0.2875 0.0000 0.0000 0.0000 0.3770 0.0000 1.5847 0.0000 0.0000 2.0162 0.0000 0.7144 0.0012 0.3020 0.0000 0.0000 0.6578 0.8988 0.0000 0.0000 1.0726 0.0000 0.1123 1.0445 0.0000 0.4352 0.0000 0.1927 0.0000 0.0938 0.0534 0.0000 0.0000 0.0000 0.6685 0.0000 0.6219 0.0000 0.9052 0.0000 0.0000 0.3714 0.0000 0.1487 0.6657 0.1105 0.3770 0.3765 1.0012 0.8832 0.5548 0.4844 0.8975 0.0000 0.0000 0.0000 0.3426 0.0000 0.0000 0.0000 0.0000 0.0000 0.1315 0.0000 0.0000 0.0000 0.1765 0.0000 0.4189 0.0000 0.0000 0.3021 0.0000 1.0094 0.0000 0.0000 0.0000 1.2643 1.7581 0.0000 0.3491 0.0000 0.3913 0.0000 0.5011 0.0000 0.0000 0.0000 0.0000 0.0000 0.0275 0.0000 0.0000 0.0307 0.1359 0.3940 0.0000 1.1741 0.0000 0.0000 0.3181 1.2676 0.0000 0.0000 0.5014 1.6594 0.4175 0.0000 0.0000 0.1140 0.0000 0.0000 0.3123 0.0000 0.2519 0.2980 1.6443 0.0000 0.3896 0.2021 0.0000 0.1820 0.0000 0.0000 0.0000 0.0000 0.0000 0.0000 0.0205 0.0000 0.0000 0.0000 0.6873 0.0000 0.0000 0.0000 0.1828 0.7488 0.6171 0.1300 0.0000 0.0000 0.4363 0.0000 0.0000 0.0000 0.4640 0.0000 0.0000 0.5906 0.0000 0.6251 0.0000 0.3828 0.3760 0.0000 0.8966 0.0000 0.0000 0.0000 0.5453 0.0000 0.0000 0.3572 0.0969 0.0000 0.0000 0.0000 0.0000 0.0000 0.4088 0.1254 0.3155 1.3259 0.3394 0.0000 0.0000 0.0000 0.0000 0.0000 1.0206 0.0000 0.0000 0.0000 0.0000 0.0000 0.0000 0.3013 0.7817 0.0000 0.0000 0.6757
0.0000 0.6254 0.0000 0.0000 0.0000 0.0000 0.8965 0.0000 0.5408 0.3134 0.3386 1.3076 0.8062 0.9461 0.7500 0.0000 0.0000 0.0000 1.6813 0.5363 0.2021 0.0000 0.7148 0.5760 0.7474 0.0000 0.0000 1.4014 0.1232 0.4123 0.0000 0.0000 0.0000 0.2049 0.1897 0.0000 0.0000 1.2614 0.0000 0.0467 0.0000 0.4079 0.0000 0.0000 0.0000 0.0000 0.0000 0.7509 0.5404 0.6068 0.0000 0.0000 0.2814 0.0000 0.0000 0.0000 0.0000 0.0405 0.0000 0.0000 0.0000 0.1113 0.0622 0.0000 1.0824 0.0000 0.0000 1.4390 0.0000 0.1043 0.1172 0.0961 0.0000 0.0000 1.4117 1.0159 0.1471 0.1717 0.0000 0.1064 0.0000 0.0000 0.3152 0.0000 0.6408 0.2033 0.3538 0.0000 0.0000 0.6627 0.7156 0.6590 0.0000 0.7738 0.0000 1.6730 0.0000 0.0000 0.0000 1.3156 0.9062 1.1024 0.7366 0.2344 0.8302 0.7610 0.0000 0.0947 0.0000 0.0000 0.0000 1.0292 0.0000 0.0000 0.0000 0.6181 0.6894 0.3561 0.0000 0.0000 0.0483 0.0000 0.4579 0.0000 0.7809 0.0640 0.3788 0.9400 0.0000 0.0000 0.7067 0.0000 0.0000 0.0000 0.0000 1.6476 0.0000 0.1669 0.0000 0.0000 0.0000 0.0000 0.0000 0.0000 0.1773 0.0477 0.0000 0.7509 1.0109 0.2417 0.0000 0.0000 0.0000 1.1484 0.8902 0.2525 0.0000 0.0000 0.3707 0.2946 0.0000 0.0000 0.0000 0.8593 0.1305 0.0000 0.1767 0.0000 0.0211 0.0000 1.1289 0.0000 0.8518 0.0000 0.0000 0.0000 0.9634 0.0000 0.9739 0.6529 1.1705 0.0000 0.0000 0.1362 0.0000 0.0000 0.0000 0.0000 0.0000 0.6538 0.0094 0.0000 0.0000 0.0000 0.0000 0.0000 0.0000 0.7072
1.0503 0.0000 0.9320 0.0000 0.4923 1.3651 0.0000 0.0000 0.0000 0.0000 0.0000 0.0000 1.7190 1.0558 0.5287 0.0000 0.0000 0.1156 1.3505 0.5121 1.2586 0.0000 0.0129 0.9693 0.9548 0.0000 0.9386 1.0788 0.0000 0.0970 0.0000 0.6290 0.0000 0.1014 0.1440 0.0000 0.4428 0.0000 0.0000 0.0000 3.0349 0.3032 0.0136 0.1811 0.0000 0.0000 0.4543 0.0000 0.3108 0.5341 0.0666 0.0279 0.0000 0.4044 0.3640 1.1661 1.7540 0.3436 0.0099 0.0000 0.5034 0.4968 0.0000 0.4368 0.0000 0.0000 1.2793 0.0316 0.0000 0.0000 0.0000 0.0000 0.0000 0.0000 0.6349 0.0708 0.7892 0.0000 0.0000 0.9640 0.0000 0.0000 0.4442 1.1467 1.9902 0.3543 0.6109 0.0000 0.7454 1.0477 0.2838 0.0000 0.0000 0.0000 0.0000 0.8866 0.0000 0.0000 0.0000 0.0000 0.0000 0.0000 0.0000 1.2391 0.0000 0.0000 0.0000 0.2235 0.0000 0.0000 0.0000 0.0000 0.0000 0.0000 0.8793 0.5516 1.4821 0.0000 0.0000 0.0000 0.0457 0.0000 0.0000 0.3770 0.0000 0.4336 0.7260 0.0000 0.0000 0.2524 0.0981 0.4604 0.0000 0.0000 0.0000 0.0000 0.0514 0.0000 0.0000 0.0000 0.0000 0.0000 0.0000 0.0376 1.2275 0.0000 0.5557 0.2249 0.3808 0.2602 0.0000 0.4631 0.0000 0.0000 0.8641 0.0000 0.7332 0.3890 0.0000 0.2984 0.0000 0.0000 0.0000 0.0765 0.0000 0.0000 2.2883 0.0000 0.0000 0.0000 0.0677 0.0000 0.0000 0.2822 0.0000 0.0000 0.0000 0.6681 0.0000 0.0000 0.0000 0.4130 0.0000 0.0000 0.0000 0.0000 0.0000 0.0685 0.8730 0.0000 0.0000 0.0000 0.4004 0.8513 0.0000 0.2666 0.0000 0.7765
0.8615 0.0000 0.0000 0.4485 0.0000 1.7969 0.2470 0.0000 0.0000 0.0000 1.8143 0.0000 1.8803 1.0573 0.0000 1.3188 0.0000 0.0000 1.7857 1.6076 0.2501 0.0000 0.0532 0.2751 0.0000 0.0000 0.0000 0.9731 1.3240 0.2205 0.3692 0.0000 0.0000 0.0000 0.0000 0.0000 0.4783 0.0000 0.0000 0.0000 0.5670 0.9308 0.0000 0.4980 1.4314 0.0000 0.0000 0.9581 0.0000 0.3712 0.0000 0.0000 0.0000 0.0000 0.7360 0.0000 1.5234 1.4070 0.0000 0.0000 0.0402 0.0000 0.0000 0.0000 0.0000 0.0000 1.0634 0.0000 0.0819 0.0000 0.0000 0.0000 0.0000 1.1605 0.0000 0.0000 0.0000 0.5011 0.9709 0.0723 0.0000 0.3546 0.0000 0.9749 1.6225 0.8949 0.8386 0.0000 0.9127 0.3357 0.0000 0.0134 1.0315 0.0000 0.0000 1.9025 0.0311 0.0000 0.0000 0.0088 0.0000 0.3981 0.0000 0.0000 0.0000 0.0000 0.0000 0.1819 0.0000 0.6003 0.3269 0.7098 1.7085 0.0000 0.0000 0.4337 0.0000 1.3035 0.0000 0.0000 0.7683 0.0000 0.0000 0.2184 0.0000 0.0000 0.0008 0.0000 0.0000 0.0000 0.0000 0.0000 1.3637 0.2298 0.1362 0.0000 0.0000 0.5409 1.4392 0.0000 0.0000 0.0000 0.7676 0.0000 0.9623 1.2510 1.8398 1.6810 0.1581 0.4156 0.0000 0.0000 0.0000 0.0000 0.0200 0.0000 0.0000 0.0000 0.0000 0.9368 0.8250 0.7130 0.0000 0.1683 0.0000 0.0000 1.6320 0.0000 0.0000 0.0000 1.4272 0.0000 0.0000 0.4840 0.0000 0.0105 0.0000 0.0000 0.3640 1.5099 0.0000 1.0578 0.6557 0.0000 0.0000 0.0000 1.3741 0.0000 0.0000 0.0000 0.0000 0.6352 0.2720 1.1809 0.0000 0.9120 0.0000 0.2825
0.3360 0.0000 0.0000 0.1218 0.5950 0.5029 0.0000 0.0000 0.0000 0.0000 0.0000 0.0000 0.0000 0.3935 1.0884 0.0000 0.0000 0.0000 0.4705 0.0000 0.4735 0.0000 0.0000 0.0000 0.2772 0.1407 0.0000 0.5648 0.0000 0.3332 0.0000 0.0000 0.0000 0.5459 0.3783 0.0000 0.0000 0.6158 0.0000 0.0864 0.1186 0.0000 0.7865 0.2155 1.8541 0.0000 0.0000 0.9746 0.0000 0.1458 0.2546 0.0845 0.2783 0.0000 0.0000 0.0000 1.0371 0.0000 0.0000 0.0000 0.1012 0.0000 0.2171 0.6853 0.0000 0.4869 0.5486 0.0000 0.0374 0.0000 0.5596 0.0000 0.0000 1.1494 0.0196 0.0000 0.0000 0.0000 0.0000 0.0000 0.0000 0.0000 0.2719 0.4459 0.9640 0.6951 0.3013 0.0000 0.6008 0.0000 0.0000 0.0589 0.0000 0.5321 0.0000 0.3399 1.1271 0.0000 0.0000 0.0000 0.0000 0.8045 0.0000 1.5341 0.0000 0.2435 0.1961 0.0000 0.4394 0.8537 0.0000 0.6596 0.0000 0.0000 0.0336 0.7758 0.4657 0.0000 0.6107 0.2056 0.0000 0.3288 0.2964 0.0000 0.1199 0.7001 0.5767 0.9864 0.0000 0.3513 0.0000 0.1944 0.8904 0.0000 0.6375 0.2318 0.0000 0.4594 0.0000 0.0000 0.0000 0.0000 0.0000 0.0000 0.2360 0.0000 1.4558 0.8059 0.2875 0.0000 0.0000 0.1307 0.0091 0.0000 0.0000 1.0128 0.9456 0.0000 0.0000 0.0000 0.2718 0.0542 0.0000 0.0000 0.5170 0.4917 1.6158 0.0000 0.0000 0.0000 0.0000 0.0000 0.0000 0.0000 0.0000 0.0910 0.0000 0.0000 0.1579 0.9245 0.7065 0.0000 0.0778 0.1496 0.0000 0.0000 0.5454 0.0000 0.0000 0.6057 0.1406 0.2343 0.3120 0.0797 0.0961 0.0000 0.0000 1.5072
0.0000 0.0000 0.0000 0.2586 0.0000 2.1682 0.0000 0.0000 1.8895 0.2102 0.1036 0.2928 0.2086 0.1121 0.0000 0.0000 0.3916 0.0000 0.0000 0.8231 1.7349 0.0000 0.0000 0.0000 0.0455 0.0000 0.0316 0.7798 0.0000 0.2520 0.2100 1.6300 0.0000 0.1803 0.0000 0.0000 0.0025 0.8523 0.0000 0.0000 0.0000 0.0000 0.0000 0.0000 0.0000 1.0099 0.7376 0.1146 2.7187 0.0000 0.0000 0.0000 0.0000 0.0000 0.0000 0.0000 0.8849 0.0997 0.0000 0.2563 0.0000 0.4631 0.0000 0.3431 0.9790 0.3859 0.0000 0.0000 0.0000 0.0000 0.0000 0.0000 0.3177 0.0000 1.2671 1.8074 0.0000 0.6515 0.0000 0.0000 0.0000 0.8639 1.0279 0.0441 0.0000 0.1624 0.0934 1.7299 0.0292 0.1466 0.0000 0.2885 0.9442 0.0000 0.0000 0.5594 0.0000 0.3458 0.0000 0.0000 1.2662 0.0000 0.0000 0.0000 0.0000 0.8629 0.8725 0.0000 0.0000 0.0000 0.3078 0.0000 1.8695 0.0000 0.0000 1.0366 0.0000 0.0000 0.0621 0.7894 0.0000 0.8787 0.0000 0.0000 0.0000 0.0000 1.3430 0.0000 0.4009 1.3144 1.1081 1.4535 0.0000 0.0000 0.1570 0.3046 0.0000 0.0000 0.6792 0.0000 0.0000 0.7564 0.2899 0.9026 0.7950 0.0000 0.8694 0.2862 0.0000 0.0000 1.0213 0.0000 0.7991 0.0000 0.4928 0.0000 0.0000 0.0000 0.2969 0.0000 1.4804 0.0000 0.0000 0.4067 0.0000 0.6863 0.0000 0.0000 0.2627 0.3541 0.0000 0.1614 0.2750 0.0000 0.1353 0.3097 2.0876 1.1563 1.2938 0.0000 0.0259 1.2583 0.0000 1.5069 0.0000 0.0000 0.3496 1.1585 0.7076 0.0000 1.8596 0.5023 0.0551 0.0000 0.0000 0.0077 0.1952 1.0525
1.1149 0.0000 0.0349 0.0000 0.3135 0.2719 0.0519 0.0000 0.0000 0.5958 0.0000 0.0224 0.0616 0.5446 0.4599 0.0000 0.0000 0.0000 0.2357 0.0000 0.0000 0.0000 0.2585 0.0000 0.4653 0.0000 0.7591 0.5768 0.0000 0.1430 0.0000 0.0000 0.0000 0.2785 1.5920 0.2324 0.0000 0.4214 0.0000 0.7669 0.0000 0.0000 1.3632 0.5802 0.4943 0.0000 0.0000 0.0000 0.3123 1.1142 0.0000 0.5768 0.0330 0.1971 0.0000 0.8515 0.0000 0.2431 0.1426 0.6910 0.0000 0.0000 0.0000 0.0410 0.0000 0.4513 0.0000 0.0000 0.0000 0.0000 0.0000 0.0000 0.0000 0.0000 0.0000 0.0000 0.0000 0.0000 0.0000 0.1073 0.0000 0.0000 0.6839 0.2631 1.3717 0.0000 0.9443 0.0000 1.2734 0.0000 0.0386 0.0000 0.0000 0.4755 1.1988 0.0000 0.0256 0.0000 0.0000 0.0000 0.1404 1.4467 0.0000 0.0000 0.0000 0.0000 0.1561 0.3367 0.7731 0.0000 0.1865 0.3786 0.0000 0.9731 0.0000 0.8799 0.3138 0.0000 0.6566 0.0000 0.0000 0.9259 0.7339 0.0000 0.0000 0.7083 0.7003 0.0000 0.0000 0.0000 0.0000 0.6542 0.0000 0.0000 1.1394 0.0000 0.9022 0.1858 0.0000 0.0000 0.0000 0.1030 0.0000 0.0000 0.0000 0.2391 0.6745 0.0000 0.4517 0.0000 0.0000 0.2003 0.0000 1.2076 0.3691 0.0000 0.3739 0.0000 0.0330 0.6911 0.0000 0.1857 0.0000 0.0000 0.0000 0.0000 0.0000 0.0000 1.3622 0.3208 0.9557 0.0000 0.0000 0.0000 0.5360 0.0000 0.0000 0.0000 0.0000 0.4867 0.2145 0.3167 0.0179 0.5184 0.0000 0.0000 0.1870 0.0000 0.0000 0.0713 0.0000 0.0338 0.0000 0.0000 0.0000 0.7477 0.0000 0.0569
0.0904 0.0000 0.9582 0.1286 0.0000 0.7148 0.0000 0.0000 0.0000 0.0000 0.0000 0.0000 0.1283 0.4160 1.2967 0.0000 0.0000 0.0000 0.0000 0.0000 0.5331 0.0000 0.1635 0.3539 0.0000 0.0000 0.0000 0.0000 0.0000 0.3050 0.0000 0.0000 0.0000 0.0452 0.0000 0.1753 0.0000 0.0000 0.0000 0.1969 0.1445 0.0000 0.6546 0.6148 0.8373 0.0000 0.0000 1.0130 0.0902 0.4565 0.0000 0.8015 0.0389 0.0000 0.0000 0.1397 0.4695 0.0000 0.0000 0.0000 0.0678 0.0456 0.0000 0.0000 0.0000 0.2073 0.0046 0.3616 0.0000 0.0000 0.2888 0.0000 0.0000 0.1416 0.4043 0.0000 0.0000 0.0000 0.0000 0.5536 0.0000 0.1938 0.1917 0.8606 1.1737 0.6763 0.2545 0.0000 0.8754 0.0000 0.0000 0.0000 0.0000 0.3200 0.8912 0.5217 0.3837 0.0000 0.3905 0.0083 0.0000 0.8849 0.0000 0.8323 0.0000 0.0000 0.0000 0.7989 0.4299 0.3051 0.0000 0.0431 0.1323 0.0000 0.0000 0.4983 0.0000 0.0000 1.0307 0.0726 0.0000 0.2342 1.2735 0.2752 0.5976 0.0000 0.0000 0.9662 0.0000 0.0000 0.0000 0.7753 0.2681 0.0000 0.8279 0.0000 0.0000 0.4298 0.4314 0.1113 0.0000 0.0000 0.0000 0.0000 0.2406 0.0387 0.0000 0.0000 0.0328 0.0000 0.3066 0.8290 0.5456 0.0000 0.0000 0.0000 0.5677 0.0000 0.0000 0.0753 0.0000 0.0000 0.6752 0.0000 0.0000 0.0000 0.2469 0.0000 0.0000 0.0000 0.4893 0.1523 0.0000 0.1976 0.0000 0.0000 0.0000 0.0000 0.0000 1.0174 0.0000 0.0000 0.0000 0.0000 0.0000 0.0000 0.5323 0.0000 0.0000 0.8172 0.0000 0.0000 0.0000 0.0605 0.0000 0.0000 0.0000 0.0000
0.0426 0.0000 0.0000 0.1504 0.0000 0.0464 0.0000 0.0000 0.0000 0.6777 0.0501 0.1931 1.3857 0.2769 0.0000 0.0000 0.0000 0.0000 0.6683 0.0000 0.0000 0.0000 0.0000 0.0000 0.0000 0.0000 0.0000 0.0844 0.0000 0.5382 0.0000 0.3891 0.0000 0.0000 0.0000 0.0000 0.0000 0.2024 0.7032 0.2279 0.0071 0.0000 0.0821 0.7826 0.0000 0.0000 0.0000 1.3966 0.0000 0.3732 0.0000 1.4116 0.0000 0.0000 0.0000 0.0000 2.2676 0.1942 0.0000 1.0863 0.9837 0.7406 1.5142 0.0000 0.8018 1.3423 1.1021 0.6787 0.0000 0.1438 0.0000 0.7351 0.4588 0.0000 0.2797 0.0000 0.0000 0.0000 0.0483 0.8269 0.0000 0.0000 0.0000 2.2404 1.1676 0.0000 0.0000 0.0000 1.1753 0.0000 0.0000 0.0000 0.2178 0.7690 1.1881 0.6668 0.0000 0.0000 0.1171 0.0000 0.0000 0.7758 0.0000 0.0000 0.0000 0.6589 0.0000 0.7739 0.0000 0.0985 0.0000 0.0000 0.0000 0.0000 0.4916 0.0000 0.0000 0.0000 0.9887 0.7186 1.1661 0.0000 0.9974 0.0000 0.0000 0.0000 0.1598 0.1618 0.0000 0.0000 0.0000 0.5544 0.4357 0.0000 1.0282 0.0000 0.0000 0.9784 0.0000 0.0000 0.0000 0.0000 0.0000 0.0000 0.0000 0.3343 0.0000 0.0000 0.0000 0.0000 0.7634 0.6792 0.0000 0.0000 0.0000 0.3870 0.7344 0.0000 0.0000 0.0000 0.2566 0.0000 0.2971 0.0000 0.3281 0.0000 0.0000 0.0000 0.2337 0.0000 0.0000 0.6789 0.0000 0.0000 0.0000 0.0000 0.9300 0.0000 0.5207 1.0523 0.0000 0.0000 0.0000 0.0000 0.3208 0.2081 1.5414 0.0000 0.0000 1.7763 0.9631 0.0000 0.0000 0.0000 0.0862 0.0000 0.0000 0.0000
1.5558 1.6686 0.0000 0.0000 0.0000 0.0000 0.9786 0.0000 0.4639 1.1593 0.0000 1.3861 0.2649 1.3233 0.1716 0.0000 0.0000 0.0000 0.8352 0.0000 0.0000 0.3886 0.0000 0.0000 0.2223 0.0000 0.0325 0.0000 0.0000 0.0000 0.0000 0.4460 0.0000 0.0000 0.0542 0.0000 0.7377 0.1529 0.9287 0.0000 0.0000 0.4563 0.0000 0.3522 0.0000 0.0000 1.3111 0.0000 0.0000 0.0000 0.0000 0.0000 0.0000 0.0000 0.5101 0.0000 0.0000 0.0000 0.0000 0.0000 0.0832 0.2822 0.1380 0.0000 0.0000 0.0000 0.0000 0.7506 0.0000 0.0000 0.0000 0.7845 2.4824 0.2976 0.0000 0.7523 0.0000 0.0000 0.0610 0.0000 0.2773 0.0000 0.6119 0.0000 0.0000 0.3378 0.0000 0.0000 0.0000 0.3972 0.5497 1.1998 0.5519 0.2055 0.0000 1.3706 1.0679 0.0607 0.7122 1.9742 1.4940 0.0000 0.0000 0.0000 0.0000 1.4727 0.0000 0.0000 0.0361 0.0000 0.0000 0.0000 0.0000 0.4261 0.0000 0.0000 0.0000 1.2208 0.0000 0.0000 0.4946 0.0000 2.3349 0.0000 0.0000 0.8620 0.0000 0.0000 1.4962 0.0000 0.0000 0.0000 0.0000 0.0000 0.0000 0.0000 0.0000 0.0000 0.0000 1.1611 0.0000 0.0000 0.0000 0.8298 0.0000 0.1768 0.0000 0.8072 0.0000 1.2591 0.0000 0.0000 0.0000 0.6320 1.4110 0.5588 0.1086 0.0000 0.4102 0.0000 0.1787 0.0000 0.0000 0.0299 0.0000 1.0112 0.0000 0.0000 0.0000 2.5207 0.0000 0.0000 0.1311 0.0908 0.0000 0.4812 1.0917 1.8262 0.0000 0.4396 0.6452 0.5375 0.0000 0.0000 0.0000 0.0000 0.5924 1.0503 0.0000 0.5780 1.0584 0.0000 0.0658 0.0000 0.0000 0.3912 0.2894 1.5626
0.0000 0.0000 0.0000 1.3809 0.0000 0.0000 1.6519 0.2944 0.2990 1.5718 0.0000 0.3546 0.0000 0.2350 0.0000 0.1776 2.3503 0.1039 0.3265 0.4305 0.0000 1.1722 0.0000 0.0000 0.0000 0.7869 1.3923 0.5500 0.0441 0.0000 0.0000 2.6902 0.0000 0.0000 1.0434 0.0000 0.5425 2.4167 0.9908 0.0000 0.0000 2.1795 0.0000 0.8609 1.6662 0.8168 1.3507 0.0000 0.0000 0.0000 0.0000 0.0000 0.0000 0.0000 0.3352 0.0000 1.0187 0.0000 0.0000 0.0000 0.9025 1.7975 1.0713 0.0000 2.1489 0.0000 0.0000 1.7004 0.0000 1.4326 0.0000 0.6922 2.2708 0.5132 0.0062 0.0000 0.0000 1.5652 2.1387 0.0000 0.0000 1.1356 1.4977 0.0000 0.0000 0.0000 0.0000 0.0000 0.0000 3.0685 0.0000 0.0000 1.1931 0.2534 0.0773 0.0000 0.0000 0.4437 1.5619 0.0000 0.0000 0.0000 0.0000 0.0000 1.5557 1.5653 0.1432 0.0000 0.0000 0.0000 1.3943 0.0000 0.3730 1.5188 2.9586 0.0000 0.0000 1.1592 0.0000 0.0000 0.0000 0.0000 0.1794 2.0608 0.0000 0.1717 0.0000 0.0000 1.2005 1.2514 0.5570 1.4814 0.0000 0.0000 2.9109 0.0000 0.0000 0.0000 0.0000 0.0888 0.0514 0.2861 0.0000 2.1234 0.0000 2.0393 1.0034 0.1886 0.0000 0.7787 2.6824 0.0000 0.0000 0.1650 1.1454 0.6880 0.1834 0.1471 0.0000 0.0000 1.6682 0.0000 0.3070 0.9821 0.8712 0.0000 1.6389 0.7673 0.0000 0.0000 0.0000 1.6571 1.0502 0.0000 0.1052 0.5533 0.1832 1.4263 0.0000 0.0000 0.3886 0.1383 0.5115 0.0000 0.0000 0.0000 0.0000 0.0000 0.0000 1.0994 2.8912 0.0000 0.8974 0.0000 1.5095 0.0000 1.5249 0.0000
0.2699 0.0000 0.5921 0.0000 1.6215 0.0000 0.0000 0.0000 0.2126 1.3487 0.4154 0.0000 1.0680 1.0868 0.0000 0.0000 0.0000 0.0000 1.8386 0.0000 0.0000 0.1359 0.5004 0.3086 0.0000 0.0254 0.0000 1.5108 0.0000 0.4702 0.1831 0.0000 0.0000 0.1123 0.3269 0.0000 0.2303 1.2554 0.0000 0.0000 1.2921 0.0000 0.6975 0.0000 1.4044 0.0453 0.0000 0.0902 0.0000 0.0000 0.0000 0.0000 0.0000 0.4077 0.1834 0.0074 0.0000 0.0000 0.6129 0.1133 0.0000 0.0000 0.0000 0.0000 0.0000 0.0000 0.6821 0.6822 0.0000 2.3822 0.0000 0.0000 0.0329 0.9662 1.9571 0.4960 0.7157 0.0000 0.0000 0.0000 0.0000 0.3984 1.1624 0.0000 0.3930 0.0000 0.5528 0.0000 0.0000 0.0000 0.0000 0.0000 0.0000 0.0000 1.2750 0.0000 0.0486 0.0000 1.6205 0.9556 0.0000 1.5837 0.0000 0.0000 0.1324 0.0000 0.1201 0.6917 1.1589 0.0000 0.0000 0.0000 0.0000 0.0772 0.0000 0.4658 0.0000 0.0000 0.0000 0.0000 0.0000 0.3323 1.2368 1.0785 0.0000 0.0000 0.7121 0.0000 0.6516 0.0000 0.7794 1.2516 0.0000 0.0000 0.2927 0.0000 0.0000 1.4004 0.0000 0.9976 0.0000 0.6747 0.0000 0.0000 0.0000 0.0000 0.0000 0.0000 0.0000 0.1904 2.2993 0.0000 0.0000 1.9898 1.4733 0.0000 0.0000 0.0000 0.0000 0.7756 0.0000 1.4833 0.0000 0.6973 0.0000 0.0000 0.0000 0.0000 0.0000 0.0000 0.0000 0.8120 0.0000 0.0000 0.5104 0.0000 0.0000 0.6386 0.0000 0.7357 0.0848 0.0000 0.0000 0.0000 0.0000 0.0000 0.7099 1.6326 0.0000 0.0000 0.3233 0.0000 0.0000 0.0000 0.0000 0.0000 0.6596 0.0000
0.5093 0.0000 0.6945 0.0000 0.9018 1.0233 0.2983 0.5834 0.2079 0.0371 0.0000 0.0000 0.0000 0.0504 0.0000 0.2626 0.0000 0.0000 0.3108 0.0000 0.3244 0.0000 0.8848 0.0000 1.3184 0.5486 0.0000 1.5331 0.0000 0.0000 0.0000 0.0000 0.1398 0.0000 1.8457 0.5267 0.0000 0.0000 0.0000 0.0000 1.9031 0.0000 1.3823 0.0000 0.0000 0.4661 0.7304 0.0000 1.5113 1.7035 0.7629 0.0000 0.0000 0.0881 0.9002 1.0126 1.6078 0.0000 0.7089 0.0000 0.3542 0.0000 0.0000 0.4948 0.0000 0.0000 0.4619 0.0000 0.0000 0.4695 0.3814 0.0000 0.0000 0.9775 0.0000 0.0000 0.0000 0.0000 0.0000 0.9921 1.1019 0.0000 0.0000 1.7081 1.9175 0.6170 0.0962 0.0000 0.0000 0.0000 0.6940 0.0618 0.0000 0.0000 0.0000 0.0000 0.4786 0.0000 0.0000 0.5375 0.0000 1.1424 0.2015 0.1924 0.1787 0.0000 0.0000 0.2547 0.0000 0.0185 0.0125 0.0000 0.0000 0.0000 0.0000 0.1047 0.0000 0.0000 0.0000 0.4483 0.0000 0.6715 0.0216 0.7546 1.7135 0.8379 0.0087 0.2649 0.0000 1.7656 0.0000 0.0000 0.2921 0.0000 0.0000 0.0000 0.9905 0.6962 2.4621 0.0000 0.0000 0.0000 0.0000 0.8506 0.1303 0.0000 0.0000 1.0843 0.0000 0.0000 0.1536 0.0000 0.0000 0.7858 0.8829 1.6604 0.0000 0.0000 0.4704 0.8278 0.0000 0.0000 0.0000 0.8117 0.0000 0.0000 0.3119 0.0000 0.8272 0.0000 0.6242 0.0000 0.0000 2.1005 0.0000 0.0000 0.3506 0.0000 0.0000 0.8405 0.0000 0.0000 0.0000 0.0000 0.3293 2.3671 0.1396 0.0000 0.8314 0.0000 0.0000 0.1993 0.0000 0.9764 0.7101 0.9311 1.1399 0.0000
0.9493 0.0000 0.5638 0.5273 2.3350 1.4975 0.0000 0.0000 0.0000 0.0000 0.4350 0.2228 3.2928 0.0000 0.0000 0.6577 0.1622 0.0000 0.0000 0.0000 1.7024 0.0000 0.0000 0.9820 0.0000 0.0000 0.2357 0.9707 1.0298 0.0096 0.0000 1.0871 0.5744 0.2742 1.5264 1.1397 0.1208 0.0000 0.0000 0.9886 0.9032 0.0000 0.9632 0.0909 0.5418 0.0000 0.4132 0.3508 0.0000 0.0000 1.3605 0.0000 0.2712 0.0000 0.0205 0.1094 0.4891 0.0000 0.6235 0.0000 0.0000 0.5412 0.0000 0.0000 0.0000 0.0000 2.0506 0.0000 1.2480 0.0000 0.8666 0.0000 1.2944 1.6079 0.0000 0.0000 0.7816 0.5341 0.1570 0.0000 0.5602 0.0000 0.0000 0.0000 0.7255 1.0818 0.2057 0.0000 0.8095 1.5759 0.0000 0.0000 0.0000 0.0000 0.0000 0.5150 0.0000 0.1233 0.0000 0.0000 0.0000 0.1913 0.2723 1.0993 0.4011 0.0000 0.0000 0.0000 0.5890 0.0000 1.3890 0.9080 0.0000 0.0000 0.8287 1.5780 0.0000 0.1733 0.0000 0.2953 0.0000 0.0062 0.0000 0.6547 0.3969 0.7544 0.0000 0.1786 0.0000 0.0000 0.0000 0.1193 0.0000 0.2329 0.0000 0.0000 1.8532 0.4071 0.0000 0.0000 0.0000 0.0000 0.5362 0.2702 0.1872 0.0000 1.6654 0.6993 0.0000 0.2661 0.0000 0.0000 0.0000 0.0000 0.3982 0.0000 0.0000 0.0000 0.0000 0.0000 0.5614 0.5164 0.0000 0.1018 0.5861 0.8610 0.0000 0.0000 0.0000 0.0000 0.0000 0.0000 0.0000 2.5701 0.0000 0.0000 0.0000 1.6302 0.0000 0.4898 0.0000 0.0000 1.3322 0.9395 1.7549 0.0000 1.2576 0.0000 1.0560 0.0000 0.4236 0.0000 0.0000 0.0000 0.9100 0.5043 1.0055 0.0000
0.0000 0.0370 1.1211 0.9340 1.2449 0.0000 0.2655 0.0000 0.0000 1.1786 0.0000 0.0000 0.0000 0.6062 0.4210 0.9655 0.0000 0.5314 0.9604 1.2125 0.7230 0.9210 1.3223 0.0000 0.0660 0.0000 1.3156 0.0000 0.0000 0.0000 1.3535 0.0000 0.0000 0.9863 0.0000 1.1200 0.0000 0.0000 0.0000 0.0000 0.0000 0.5632 0.0000 3.4312 0.0000 0.0000 0.0000 0.0000 0.0000 0.0000 0.0000 0.9203 0.1031 2.2433 0.9567 0.0000 0.3131 0.0000 0.0000 2.0144 1.0831 2.3322 0.0000 0.6405 0.0000 0.0000 0.0000 0.0000 0.0000 1.0189 0.2705 2.6354 0.0000 0.0000 0.0000 0.0000 0.3261 0.0000 1.8717 0.0000 0.2991 0.0000 1.4602 1.9995 0.0000 0.0000 0.0409 0.5165 0.0000 0.0000 0.0000 1.0739 0.8497 0.0000 0.0000 2.3305 0.0000 0.0000 0.0000 0.0000 0.0000 0.0000 0.0000 0.0000 0.0000 0.0000 0.0000 0.0000 0.0000 2.1221 0.0000 0.2350 0.0000 0.4469 0.0000 0.0000 0.0000 0.0000 1.9597 0.0000 0.7769 0.0000 2.4681 1.0072 0.0000 0.0000 1.9341 0.0000 0.7138 1.2516 0.0000 0.0539 0.0000 0.0801 0.0566 0.1045 0.7341 0.0000 0.9667 0.0000 0.0000 0.0000 0.0000 0.0000 0.0000 0.3424 1.4989 1.1732 0.0000 0.0000 0.0000 0.0000 1.9654 0.0000 0.0000 0.0000 0.0000 0.0000 0.0000 0.0000 0.0000 1.4208 0.8356 0.0000 0.9512 0.0000 1.3522 1.1012 0.0000 0.0000 0.0000 2.0239 0.6307 1.2734 0.0000 0.0000 0.0000 0.0000 2.0193 0.0000 0.0000 2.0515 0.7917 1.1225 1.8274 0.0000 0.0000 0.0000 1.3338 1.2126 1.2583 0.0000 0.9892 0.5621 0.0000 0.2773 0.9833 1.2801
0.0235 0.0000 0.0000 0.0000 0.7761 0.3426 0.8850 0.0000 0.7593 0.0000 1.7497 0.0000 0.1246 0.2168 0.0000 0.0000 0.0000 0.0000 0.3628 0.0000 1.0772 0.0000 0.9824 0.0000 0.2207 1.3813 0.0000 0.0000 0.3441 1.6420 0.0000 0.0000 0.0000 1.2954 0.1226 0.1444 0.0000 0.0000 0.0000 0.2913 0.0000 0.0000 0.4160 0.0000 0.0000 0.0000 1.0063 0.1194 0.3640 0.8743 0.0000 0.0000 0.0000 0.0603 0.0107 0.0000 0.6834 0.0000 0.2472 0.0000 1.1032 0.0000 0.4386 0.0248 0.0000 0.2117 0.0000 0.1735 0.3563 0.3466 0.1735 0.0000 0.0000 0.3020 0.1368 0.0000 0.0000 0.9848 0.0712 0.0000 0.0000 0.0000 0.0000 0.2817 0.0000 0.4011 0.8471 0.0000 0.0000 0.9656 0.0000 0.6602 0.0736 0.0000 0.3686 1.9896 0.0000 0.0000 0.1884 0.2084 0.5426 0.0000 0.0335 0.7445 0.0000 0.0000 0.1653 0.0000 0.6679 0.5479 0.0000 0.4879 0.0000 0.4262 0.0000 0.0000 0.0000 0.0000 0.0000 0.0000 0.0000 1.0052 0.0000 0.0000 0.0000 0.4217 0.0000 0.3219 0.2382 0.0000 0.5369 0.0000 1.4472 0.0000 0.9622 0.5031 0.3867 0.9496 0.9608 0.0896 0.2707 0.0000 0.6588 0.0000 0.0000 0.0000 0.0000 0.2603 0.7182 0.0000 0.0000 0.7471 0.0000 0.0000 0.0000 0.0000 0.1875 0.0000 0.0000 0.2483 0.6343 1.1426 0.0000 0.0000 0.0000 0.0000 0.6746 0.0000 2.1049 0.0000 1.6777 0.1200 0.0000 0.0000 0.0000 0.4636 0.1536 0.0000 1.6534 0.6888 0.0000 0.7986 0.0000 0.0000 0.0000 0.0000 0.6555 0.0000 0.0000 0.0000 0.0000 0.6834 0.0000 0.0000 0.0000 0.8523 0.0000 0.0000
0.0000 0.0000 1.4779 0.8504 2.0541 0.0000 0.0000 2.0275 0.0000 0.1923 0.0000 0.0000 0.0000 0.0000 0.0000 0.0000 1.9653 0.0000 0.3749 0.0000 0.0000 0.4938 0.0000 1.3522 0.1278 0.9686 0.0000 0.0000 0.0000 0.0000 0.0000 0.0000 0.0000 0.0000 1.4150 0.8510 0.8819 2.5434 1.7837 0.4114 0.0000 0.0000 0.0000 0.0000 0.0000 0.0000 1.8007 0.0000 0.0000 0.7411 0.0000 0.0000 0.0000 0.1910 0.7925 0.6521 0.0000 0.0000 0.0000 1.5763 0.0000 0.0000 0.0000 0.0000 0.8651 0.0000 0.0721 0.0000 0.0000 0.0000 0.0767 0.0000 1.0339 0.2615 0.0000 1.3182 0.0000 0.0000 0.0000 2.0228 0.0000 0.5942 0.0745 1.6854 0.0000 0.0000 0.0000 0.0000 0.0000 0.2980 1.7934 0.0000 0.0000 1.4121 0.0000 0.0000 0.0000 0.5949 0.0000 0.0000 1.2437 0.0000 0.0000 0.0000 0.3843 0.0000 0.0000 0.0000 0.0000 0.0000 0.0000 0.0000 1.9422 0.0000 0.0000 0.0000 0.0000 1.7333 0.6577 0.0000 0.0000 0.0000 2.2345 0.0000 2.8232 0.0000 0.4696 0.0000 1.0234 0.0000 0.9013 0.0000 0.0000 0.6130 0.0000 0.0000 0.0000 0.0204 0.0000 0.0000 0.4299 0.1839 0.7265 1.5139 0.0000 0.0000 0.0000 0.0000 0.5911 0.0000 1.2189 0.0000 0.0000 0.0000 1.0932 0.0000 0.0000 0.0000 0.0000 0.0000 0.0000 1.5407 1.6451 0.0000 0.0000 0.4088 0.0000 1.1224 0.0000 0.0000 0.0000 2.8972 0.0000 0.0000 0.3190 0.0000 1.1158 0.0000 0.5402 0.0000 0.0000 1.6237 1.7075 0.5093 0.0000 1.0829 1.7091 0.0000 1.1997 0.0000 1.1609 0.0000 0.3804 0.6647 0.0000 0.0000 0.0000 0.0000
0.0000 0.6256 1.3178 1.7448 0.0000 0.0000 0.0000 0.0000 0.0000 0.1246 0.0000 0.0000 0.1850 0.9733 0.3103 0.0000 0.0000 0.0681 0.4013 0.0000 0.0000 0.0000 0.0000 0.0000 0.1238 0.0000 0.0000 0.0306 0.0000 0.0000 0.2193 0.2822 0.0000 0.0765 0.7644 0.8247 0.0000 0.0000 0.0000 0.2217 0.0000 0.2848 0.0000 0.4503 1.5289 0.0000 0.0000 0.9568 0.0000 0.0000 0.1029 0.0000 0.0000 0.0000 0.0000 0.0000 0.0000 0.0000 0.0000 0.0916 0.0000 0.5005 0.0000 0.0000 0.0000 0.0000 0.7111 0.0000 0.0649 0.0000 0.4639 0.0000 0.1560 0.7750 0.1558 0.0000 0.0000 0.3379 0.9543 0.0000 0.0000 0.7841 0.1822 0.0000 0.8613 0.6714 0.5779 0.0000 1.1185 0.0000 0.0000 0.5885 0.2611 0.0000 0.0000 0.0000 0.3603 0.0000 0.8214 0.0000 0.2183 0.9308 0.0000 0.7657 0.0000 0.0000 0.1939 0.0000 0.0229 0.1262 0.0000 0.0000 0.0000 0.0000 0.0374 0.9952 0.9820 0.0000 0.7701 0.0000 0.0564 0.2889 0.4835 0.0000 0.0000 0.0000 0.0000 0.2747 0.0000 0.0000 0.0000 0.1971 1.5248 0.0000 0.4859 0.0000 0.6132 0.0773 0.0000 0.0688 0.0000 0.0000 0.0000 0.0000 0.6712 0.0000 0.0000 0.0000 0.0000 0.0000 0.0000 0.0000 0.0000 0.0000 0.0000 0.0000 0.1555 0.0000 0.0000 0.0000 0.0000 0.4195 0.0000 0.0000 0.0000 0.0000 0.0000 0.0000 0.0000 0.0000 0.0000 0.0000 0.0000 0.0000 0.0767 0.2213 0.0000 0.3171 0.0000 0.2937 0.0000 0.0000 0.0000 0.5980 0.0000 0.0000 0.0000 0.0000 0.0000 0.2302 0.0000 0.2879 0.0000 0.1929 0.0000 0.3680 0.0374 0.0000
0.1481 0.0000 0.5865 0.1623 0.0000 0.6828 0.0000 0.0000 0.0000 0.0000 0.0000 0.7941 0.0000 0.0000 0.6030 0.0000 0.0000 0.0000 0.0000 0.0000 0.8876 0.0000 0.0000 0.0000 0.2967 0.5653 0.0000 0.1182 0.0000 0.6874 0.0000 0.0000 0.0000 0.5434 0.5369 0.0000 0.0000 0.0116 0.0000 0.1768 0.0000 0.0000 0.0000 0.0000 0.0000 0.1029 0.0000 0.0000 0.7404 1.0493 0.0000 0.0000 0.4491 1.4309 0.0000 0.0000 0.0000 2.2433 0.0000 0.0000 0.0000 0.0000 0.0000 0.0000 1.2127 0.0000 0.0000 1.9520 0.0000 0.7355 0.0000 0.5883 0.0000 0.0000 1.2956 0.8737 0.1935 0.7353 0.0000 0.0000 0.0367 0.4066 0.0000 0.0000 0.7079 0.0000 1.2816 0.0000 0.0000 0.0000 0.0000 0.3303 0.0000 0.0000 0.4499 0.0000 1.0759 0.0000 0.2881 0.1307 0.1336 0.6902 0.0000 0.4136 0.0000 0.0772 0.0000 0.7506 1.1001 0.0000 0.0000 0.5119 0.0925 1.6549 0.0000 0.9176 0.0000 0.0000 0.0000 0.7687 0.0282 0.3832 0.0000 1.7949 0.0000 1.1105 0.0000 0.1351 0.0000 1.0920 0.0000 1.0554 0.5530 0.1902 0.5213 0.5899 0.3193 0.6713 0.0000 0.0000 0.0000 0.0000 0.0000 0.0000 0.0000 1.7258 0.0000 0.0000 0.0000 0.0000 0.7464 0.3310 0.6803 0.5192 1.3895 0.8562 0.0000 0.1410 0.0176 0.0808 0.0000 0.3700 0.0000 0.5024 0.0000 0.0000 0.0000 0.0461 1.0814 0.0000 0.0000 0.0000 0.0869 0.0000 1.0622 0.0000 0.2723 0.0000 0.2768 0.4890 0.2285 0.0000 0.1127 0.0000 0.8105 0.0000 0.0000 0.0000 0.0000 0.0000 0.0000 0.2227 0.0000 0.0000 0.0000 0.0000 0.0000 0.0000
1.2797 1.0167 0.2331 0.0000 0.5949 0.0000 0.0000 0.3631 0.0000 0.2585 0.0000 0.0000 0.0000 0.1050 0.1803 0.9289 0.0000 0.2981 0.0000 0.8314 0.0000 0.3379 0.0000 0.0000 0.0000 0.0000 0.8918 0.0167 0.0000 0.6548 0.0000 1.5643 0.0000 1.2573 0.6651 0.0000 0.0498 1.4306 0.6648 0.0000 0.0000 1.9514 0.0000 1.1682 0.0336 0.0000 0.0000 0.0000 0.0000 0.0000 0.0000 0.2138 0.1500 0.0000 0.3651 0.0000 0.7546 0.0000 0.0000 0.1592 1.4276 0.4012 0.5488 0.0000 0.0649 0.7813 0.3216 0.1552 0.0000 0.0000 0.0000 0.8589 0.0602 0.0000 0.0000 0.0000 1.0614 0.0000 0.6865 0.0000 0.0000 0.0000 0.0000 0.0000 0.0000 0.0554 0.8962 0.0000 0.0012 0.0288 0.4752 0.0000 0.0000 0.0000 0.0000 0.8853 2.4605 0.0000 0.0000 0.0000 0.0000 0.0000 0.0000 0.0000 0.0000 0.0000 0.2236 0.0000 0.0000 0.1026 0.0000 1.1888 0.0000 0.8242 0.4907 0.2253 0.0000 0.1883 0.5276 0.0000 0.0000 0.5240 0.0000 0.2863 0.0000 0.1195 0.0000 0.0000 1.2949 0.3748 0.0000 0.0000 0.0000 0.0000 0.6697 0.0000 0.6031 0.0000 0.0000 0.0000 0.0000 0.0000 0.0000 1.2453 1.4296 1.5111 1.7527 0.0000 0.4284 0.0000 0.0000 0.7748 1.7868 0.0000 0.0000 0.0000 1.0892 0.0000 0.0000 0.0000 0.0000 0.0000 0.4645 1.6171 0.0000 1.0328 0.5571 0.0000 0.0000 0.0000 0.0000 0.0000 0.0000 0.3412 0.5231 0.0000 0.0000 0.6549 0.0000 0.0000 0.0000 0.0000 0.0000 0.0488 0.2418 0.0000 0.6410 0.0000 0.8393 0.0000 0.3044 0.1466 0.2326 0.0000 0.0000 0.0000 0.0000 1.2309
0.0000 1.2509 0.0000 0.6007 0.0000 0.0000 0.1495 0.2191 0.5151 0.0077 0.0000 0.4384 0.0000 0.0582 0.2189 0.0000 0.1592 0.6343 0.0000 0.0000 1.1650 0.0000 0.8034 0.0193 0.9395 0.4950 0.0000 0.1212 0.5279 1.2877 0.0000 0.0000 0.4218 0.2370 1.6468 0.2727 0.2020 0.0000 0.0000 0.5337 0.1184 0.0000 0.4512 0.0000 0.0000 0.0000 0.0000 0.1350 1.4777 0.0000 0.5565 0.0000 0.5337 0.0000 0.0000 1.0629 0.5144 0.3069 0.0989 0.0000 0.0000 0.7300 0.2178 0.0000 1.4820 0.4408 0.0000 0.1517 0.0000 0.0000 0.0000 0.0000 0.0000 0.0000 0.1383 0.0000 0.0000 0.0171 0.0000 0.0000 0.4423 0.0000 0.0000 0.0000 1.0568 0.5938 0.1865 0.0000 0.0000 0.0000 0.0000 0.0000 0.0000 0.0000 0.0000 0.0000 0.9747 0.0000 0.0000 0.5595 0.4705 0.4499 0.0000 0.9625 0.0000 0.0000 0.0000 0.5337 0.0000 0.0000 0.0000 0.0000 0.2278 0.1683 0.0000 0.0000 0.0000 0.5067 1.3566 0.0000 0.0000 1.5448 0.0000 0.7870 0.6316 1.0886 0.0000 0.9047 0.0000 0.7197 0.0000 0.0000 0.0000 0.2887 0.0000 0.0000 0.0000 0.7182 0.9770 0.0547 0.0000 0.2267 0.0000 0.0000 0.4005 0.2248 0.0000 0.0061 0.0000 0.0000 0.2230 0.8963 0.8620 0.6391 0.3044 1.0035 0.2034 0.9607 1.7504 0.0549 0.0000 0.0000 0.1763 0.4919 0.0123 0.0000 0.0000 0.0000 0.4907 0.0000 0.2035 0.0000 0.0000 0.5604 0.4640 0.0000 0.0357 0.0000 0.6998 0.0000 0.0000 0.0000 0.0000 0.0000 0.9031 0.0000 0.0000 0.0000 0.0000 0.0000 0.0070 0.8047 0.0000 0.0000 0.2246 0.0000 0.0000 0.0000
0.0000 0.0000 0.0000 0.0000 0.0000 0.0000 0.0000 1.0131 0.0000 0.4286 0.0000 0.0000 0.0000 0.0000 0.0000 0.1549 0.1224 0.0000 0.0000 0.0000 0.0000 0.0000 0.0485 0.8050 1.1934 0.4834 0.0000 0.0000 0.0000 0.0000 0.0000 0.0882 0.0000 0.0000 0.0000 0.7873 0.0000 0.0000 1.9354 0.1278 0.0000 0.0000 0.0000 0.6263 0.0370 0.0000 0.0000 0.0000 0.1591 0.0000 1.2266 0.0000 1.5158 0.0000 1.9039 0.5353 0.0000 0.9249 0.1881 0.3708 0.0000 1.3976 0.9737 0.3318 1.1527 0.0000 0.0000 1.2316 1.0679 0.5790 0.0000 0.0541 0.6000 0.7046 0.0000 1.2462 0.0000 0.0000 0.8117 0.0000 0.0000 0.3513 1.0646 0.7121 0.0000 1.3440 0.0000 0.0000 1.4680 0.0069 1.4533 0.0000 0.0000 0.0000 0.0000 0.4682 0.0000 0.0000 0.3541 0.0000 0.6394 0.0000 0.0000 0.0000 0.0000 0.0000 0.8186 2.2039 0.7127 0.0000 0.0000 0.3896 0.0000 0.0000 0.0000 0.8074 1.3037 0.7218 0.6691 0.7013 0.0000 0.0000 0.0000 0.0000 0.0000 0.9675 0.5551 0.0000 0.0000 0.0000 1.8787 0.0000 0.0000 0.4459 0.9005 0.6857 0.0000 0.7701 0.0000 1.7766 0.6332 0.5843 0.0000 0.1192 0.0835 0.0000 0.3593 0.4672 1.3395 0.0193 0.0000 0.4706 0.0000 0.0000 0.0000 0.3621 0.0000 1.4271 1.1730 0.1864 0.1943 2.6852 0.0000 1.8398 0.1222 0.0000 0.0000 1.2253 0.4766 0.3707 0.0000 0.8690 1.2223 0.0000 0.0000 0.9466 0.0000 0.2686 0.0000 0.0000 0.0000 0.9364 0.1145 0.0000 0.0000 0.0000 0.0000 1.5437 0.0000 1.2578 0.0000 0.7919 0.1614 0.0000 0.0000 0.0000 0.9822 0.0000
0.3358 0.0000 0.0000 0.0000 0.5445 0.5840 0.5169 0.0000 0.2531 0.0000 1.1249 0.0000 0.1269 0.7314 0.1618 0.2041 0.0000 0.0000 0.5259 0.4844 0.2174 0.0000 0.9055 0.0000 0.0000 1.0778 0.0000 0.2873 0.0000 0.2369 0.0891 0.0000 0.0000 1.0127 0.0000 0.0000 0.0000 0.8612 0.3943 0.0000 1.7005 0.0000 0.5484 0.1542 0.0000 0.0000 0.0000 0.1626 0.6024 1.0085 0.0000 0.2090 0.0000 0.0000 0.0000 0.1356 0.9267 0.0000 0.1225 0.0000 0.0000 0.1973 0.0000 0.0000 0.0000 0.3817 0.6945 0.9218 0.0000 1.5538 0.0000 0.0000 0.0000 0.0000 0.0000 0.0000 0.6048 0.7407 0.0000 0.5034 0.0000 0.3023 1.1508 2.0756 1.0091 0.0000 0.7275 0.0000 0.2103 0.0000 0.3945 0.0000 0.0000 0.0000 1.2177 0.0818 0.0000 0.0000 0.8646 0.0000 0.0000 0.9407 0.0000 0.2300 0.0000 0.0687 0.4704 0.0000 0.2150 0.9489 0.0000 0.5870 0.7044 0.2900 0.0000 0.0000 0.1898 0.0000 0.0000 0.0000 0.0000 0.3233 0.7122 1.1071 0.3368 0.0000 0.3444 0.3597 0.2806 0.0000 0.0000 0.0000 0.0840 0.0000 1.2303 0.0000 0.9600 0.5760 0.3017 0.0000 0.0000 0.0000 0.9528 0.0000 0.0000 0.6058 0.0000 0.0199 0.1130 0.0000 0.3684 0.9829 0.1448 0.0879 0.6853 0.6419 0.0000 0.1878 0.0000 0.2650 0.0683 0.0000 0.0000 1.3071 0.8676 0.0000 1.8553 0.0000 1.0551 0.0000 0.1037 0.0000 0.0000 0.2525 0.0000 0.2542 0.0000 0.0000 0.5648 0.5780 0.0000 0.0000 0.0000 0.0000 0.0000 0.1906 0.0000 0.0000 0.0000 0.0000 0.1804 0.1508 0.0000 0.0000 0.1666 0.0000 0.8504 0.0000
0.7753 0.0000 0.0164 0.0000 0.0000 0.2746 0.6792 0.3731 0.6807 0.0000 0.1940 0.0000 0.0000 1.0830 0.0000 1.3674 0.0000 0.0000 0.0000 0.4394 0.0000 0.0000 0.9818 0.3530 0.0000 0.4493 0.0000 0.4448 0.0000 0.0000 0.0000 0.0000 0.0000 0.4565 0.0125 0.0000 0.0000 0.2884 0.3188 0.5753 0.0000 0.0000 0.0000 0.4531 0.0000 0.5528 0.3519 0.7296 0.4914 0.3674 0.8029 0.0000 0.2925 0.4874 0.0000 1.2231 0.0000 0.5891 0.0000 0.0000 0.0000 0.0000 0.2740 0.2375 0.0000 0.0000 0.8207 0.3689 1.0824 0.1617 1.0094 0.0000 0.0000 0.9641 0.2816 0.0000 0.2653 0.0000 0.2689 0.4513 0.0000 0.0000 0.8328 0.1587 0.8991 0.4539 1.1736 0.5125 0.2418 0.0000 0.0000 0.0000 0.0000 0.6480 0.0000 0.0000 0.7700 0.0000 0.4256 0.1156 0.0226 0.0000 0.7048 0.4456 0.2749 0.0000 0.0000 0.0000 0.6835 0.6386 0.0000 0.4876 0.2128 0.0000 0.7355 0.1537 1.0141 0.0000 0.0000 1.3930 0.0000 0.0000 0.0000 1.4416 0.9286 0.0000 0.1222 0.4303 0.0000 0.2619 0.3504 0.0000 0.9856 0.0000 0.0000 0.2163 0.0000 0.0000 0.5574 0.0000 0.0000 0.0458 0.5537 0.0000 0.2602 0.6331 0.0000 0.0000 0.9319 0.0000 0.0000 0.0000 0.0000 0.0000 0.9957 0.0000 0.0000 0.6946 1.3290 0.6551 0.0266 0.6392 0.0000 0.0000 0.2286 0.0000 0.0000 1.2297 0.0620 0.3232 0.0000 0.0000 0.0000 0.0000 0.5708 1.6424 0.0000 0.0000 0.0000 0.0000 0.0000 0.0000 0.0233 0.0000 0.0000 0.6394 0.0000 0.0000 0.0000 0.0000 0.0000 0.7916 0.0000 0.6544 0.0000 0.0000 0.0000 0.2245
0.2919 0.0000 0.0000 0.1349 0.0000 0.1416 0.0000 0.0000 0.0000 0.7052 0.0000 0.0000 0.0000 0.0759 0.0000 0.0000 0.2699 0.0000 0.2557 0.5894 0.1108 0.0000 0.9809 0.0662 0.7299 0.6273 0.8229 0.1521 0.0000 0.2316 0.0000 0.0000 0.0000 0.3405 0.0000 0.0000 0.0000 0.0000 0.0000 0.2460 0.6319 0.0000 0.2345 0.4471 0.0000 1.0054 0.4163 0.0000 1.4374 0.8844 0.0000 0.2907 0.9814 0.4704 0.0000 1.3436 0.0208 0.0000 0.0906 0.0000 0.0000 0.0000 0.3406 0.0000 0.8949 0.2494 0.0000 1.4739 0.7415 0.9831 0.1891 0.6874 0.2668 0.0000 0.0000 0.1230 1.3409 0.0000 0.0000 0.0000 0.6291 0.0000 0.0000 0.0000 0.1118 0.0000 0.2762 0.1991 0.0025 0.0000 0.8408 0.4948 0.0000 1.5251 0.0000 0.0000 0.0084 0.0000 0.0946 1.3720 0.0416 0.6172 0.0000 0.6037 0.0000 0.0000 0.0000 0.0000 0.0509 0.7215 0.0000 0.6304 0.0000 0.0000 0.0000 0.4260 0.0070 1.3870 1.5313 1.1343 0.0000 0.9590 0.0000 0.9914 1.4860 0.3028 0.8301 1.0652 0.0000 0.0000 0.4646 0.0000 0.0000 0.2165 0.3418 1.4005 0.0000 0.5028 0.4084 0.0000 0.0000 0.4024 0.0000 0.0000 0.0000 0.0000 0.0000 0.0000 0.8187 0.0000 0.0000 0.4459 0.0666 0.1499 0.8910 0.0000 0.0000 0.8336 1.0373 0.6908 0.2504 0.7818 0.0000 0.0000 0.0000 0.2395 0.3717 0.0000 0.0000 1.2631 0.0000 0.0024 0.7263 0.0000 0.3203 0.0000 0.0000 0.3938 0.0000 0.0000 0.0000 0.0000 0.0000 0.4400 0.4306 0.0000 0.0000 0.7167 0.0000 0.0000 0.0021 0.3065 0.0000 0.0000 1.3202 0.0000 0.2314 0.0000
0.1178 0.1939 0.6214 0.2062 0.0451 0.3230 0.2312 0.0000 0.2302 0.0000 0.0000 0.0000 0.3565 0.9343 1.3868 0.7686 0.0000 0.0000 0.0000 0.0000 0.2211 0.0000 0.0000 0.8361 0.0000 0.2701 0.0000 1.2622 0.0000 0.8199 0.0000 0.0000 0.0000 0.1243 0.6339 0.4827 0.0618 0.3961 0.0000 0.1677 0.0000 0.0000 0.0000 0.0000 0.6861 0.0000 0.4656 0.9738 0.0000 0.0000 0.5751 0.0000 0.2602 0.0000 0.0000 0.1286 0.0000 0.0000 0.0000 0.0000 0.0000 0.0000 0.0679 0.3926 0.0000 0.0535 0.0000 0.4673 0.1851 0.0000 0.3153 0.0000 0.0000 0.3855 0.5296 0.0000 0.0000 0.0000 0.0966 0.0000 0.0000 0.0000 0.0000 0.0000 0.3087 0.2021 0.6700 0.0000 0.0000 0.0000 0.0000 0.0749 0.0000 0.0000 0.4954 0.5237 0.6297 0.0000 0.0000 0.0000 0.5096 0.0000 0.0000 0.6023 0.0000 0.0000 0.0000 0.0000 0.6150 0.0000 0.0000 0.3349 0.0000 0.0000 0.8645 0.0000 0.3911 0.1901 1.2904 0.6317 0.0000 0.1345 0.0000 0.0204 0.4205 0.4407 0.7641 1.3263 0.0000 0.0000 0.3340 0.0000 0.6924 0.0000 0.1547 0.0000 0.0602 0.8936 0.0000 0.0000 0.3972 0.5089 0.0000 0.0000 0.6736 0.0000 0.3201 0.0000 0.4402 0.0000 0.0000 1.0391 0.0000 0.0000 0.3192 0.0369 0.0000 0.0000 0.0329 0.1972 0.0000 0.0000 0.0000 0.0000 0.1104 0.0000 0.0000 0.2978 0.0000 0.2952 1.5610 0.0000 0.2425 0.0000 0.0150 0.0000 0.0000 1.0472 1.6631 0.6225 0.1473 0.0000 0.0000 0.6571 0.0000 0.0000 0.0000 0.0000 0.0000 0.1952 0.0000 0.7061 0.0000 0.1328 0.0000 0.0000 0.0000 0.9088
0.4461 0.6458 0.0000 0.0000 0.0000 0.9678 0.0000 0.0000 1.0768 0.5746 0.0000 0.0000 0.0671 0.9340 0.0000 0.0000 0.0000 0.0000 0.2226 0.0000 0.0000 0.0000 0.0000 0.0063 0.0000 0.0000 0.5491 0.1586 0.7533 0.4689 0.0000 0.5502 0.0000 0.0000 0.0000 0.7076 0.3339 0.0000 0.8177 0.0000 0.3636 0.6972 0.0000 0.9580 0.0000 0.0173 0.0000 0.8589 0.2319 1.1344 0.0000 0.0000 0.6357 0.0000 0.0000 0.4720 0.1777 0.7799 0.1211 0.5183 0.0000 0.0000 0.1823 0.0000 0.0000 0.0000 0.0000 0.4980 0.2040 0.8138 0.0000 0.0000 0.1487 0.0000 0.0000 0.0000 0.1962 0.6113 0.0000 0.0437 0.0000 0.0000 0.4210 0.4206 0.0000 0.0000 0.8405 0.0000 1.0016 0.0000 0.6681 0.2260 0.0000 0.0000 0.2867 0.7931 0.1089 0.0000 1.9444 0.7351 0.0000 1.1859 0.1568 0.2021 0.0000 0.0000 0.9183 0.3443 0.3885 0.0000 0.0000 1.0899 0.0786 0.1452 0.0000 0.0000 0.0000 0.0000 0.0000 0.0000 0.0485 0.0000 0.0000 0.0000 0.7268 0.0000 0.4475 1.3557 0.0000 0.0000 0.0000 0.0000 0.2171 0.0000 0.5615 0.0000 0.0000 0.0839 0.1412 0.6082 0.0442 0.0000 0.4974 0.7568 0.6374 0.4478 0.4938 0.3557 0.8856 0.0000 0.5242 0.0000 0.0000 0.0000 0.0000 0.8561 0.0000 0.9403 0.2337 0.8590 0.0000 1.3809 0.0000 0.6844 0.0000 0.0000 0.0000 0.0000 0.0000 1.5026 0.0111 0.0000 0.0216 0.0000 0.0000 0.0327 0.0000 0.0000 0.0716 0.4144 0.0000 0.4345 0.0000 0.0000 0.1830 0.0000 0.0000 0.0000 0.0000 0.7010 0.0000 1.2568 0.0000 0.0000 0.0000 0.0000 1.0775 0.0000
0.0000 0.0000 0.0000 0.0000 0.0000 0.0000 0.8264 0.2098 0.0000 0.7519 0.0000 0.0000 0.0000 1.2962 0.0000 1.1366 0.0000 0.1458 0.0000 0.0000 1.0475 0.0000 1.7930 0.7351 0.1368 0.3621 0.0000 0.7589 0.0000 1.1200 0.0000 0.0000 0.0000 0.3223 0.0000 0.0000 0.0000 0.0000 0.4473 0.0000 0.3810 0.0000 0.5497 1.2206 0.1450 0.0008 0.1353 0.0000 0.0000 0.9149 0.0000 0.0000 0.3540 0.0000 1.7155 0.6546 0.0459 0.2569 0.2908 0.0000 0.0669 0.0000 0.0000 0.0000 0.0000 0.0000 0.0000 1.0879 0.0000 1.1587 0.0000 0.0857 0.0000 0.5676 1.6236 0.2137 0.0106 0.0000 0.0000 0.0000 0.0000 0.0000 0.0000 0.0000 0.1862 0.0096 0.0000 0.0000 0.1856 0.0000 0.0000 0.0000 0.0000 0.8024 0.0000 0.0000 0.7372 0.0000 0.5549 0.5849 0.5677 0.2600 0.0000 0.4735 0.0000 0.0000 0.0000 0.0000 0.0000 0.1914 0.0000 0.1797 0.2617 0.0000 0.0000 0.6862 0.0000 0.0000 0.7022 0.0641 0.0000 0.8033 0.5261 0.1857 0.8751 1.0434 0.3930 0.0000 0.0000 0.0000 0.0000 0.0000 2.0945 0.0000 0.0000 0.5912 0.0000 0.9985 0.0000 0.0000 0.0000 0.0000 0.0000 0.0000 0.0000 0.2757 0.0000 0.0000 1.1695 0.0000 0.0000 0.0000 0.0000 0.0000 0.0000 0.0327 0.0000 0.0000 0.0000 0.6050 0.1353 0.3291 0.0000 0.5889 0.5766 0.2630 0.0000 0.0000 0.7207 1.1635 0.6154 0.0000 0.3476 0.0000 0.2773 1.0000 0.0000 0.0000 0.7283 0.1011 0.2174 0.0000 0.4906 0.0000 0.0000 0.6008 0.0000 0.0309 0.0000 0.0000 0.2968 0.5060 0.0000 0.0000 0.6384 0.1727 0.0000 0.0000
0.0000 0.0000 0.0607 1.0734 0.5587 0.0000 0.5100 1.0375 3.5710 0.0000 0.9266 0.2537 0.0000 0.0853 0.7639 0.8427 1.4270 0.4891 0.0000 2.1302 2.2427 1.1070 0.0000 0.6955 1.3258 1.8172 0.0000 0.4018 0.0000 0.6886 0.6309 1.0530 1.7997 1.6880 0.0000 0.0000 0.2515 0.6906 0.0000 0.6765 0.0027 0.0617 0.0000 0.3107 0.2795 2.1311 0.0000 0.0000 0.4529 0.0000 0.0000 1.5022 0.9720 0.0000 0.0000 0.0000 0.0000 0.0000 0.0000 0.3845 1.9237 0.0000 0.0000 1.6916 0.7138 0.0000 0.0000 0.0000 1.4375 0.5365 0.0000 0.0000 0.0000 3.4471 0.0000 1.9589 0.0000 0.0000 0.0000 0.0000 2.7615 0.6979 0.5325 0.0000 0.0000 0.0000 0.0000 2.1096 1.4939 0.0000 0.0618 0.0000 0.0000 0.0000 0.0000 0.0000 0.0000 0.4922 0.0000 0.0000 1.9682 0.0000 1.2069 0.0000 1.6340 0.9328 0.0000 1.9845 0.7793 0.0000 0.0000 0.0000 0.0000 0.0000 0.0000 1.0010 0.0000 0.8416 0.3794 0.0000 0.8735 0.0000 0.0000 0.0000 0.0000 0.4003 0.0000 1.2324 0.7681 0.0000 0.0000 0.0000 1.4895 0.0000 0.0000 0.0948 2.9381 0.0000 0.0000 2.7081 1.2752 1.4338 0.0000 0.2352 0.0000 0.0000 0.0000 0.0000 0.0000 1.0358 0.0000 0.0000 0.0000 0.1016 0.9087 0.0000 0.0000 0.1945 0.0000 3.0384 4.3143 0.0000 0.0000 0.0000 0.0000 0.0000 0.0000 2.5984 0.6975 0.0000 0.0000 1.4286 2.6026 0.0000 0.0000 0.0000 0.7495 0.0000 2.1182 0.0000 1.4750 1.0267 2.2372 1.2719 0.0000 1.5067 0.0000 0.7186 0.0000 0.3481 0.0000 0.0000 0.0000 0.0000 0.0000 0.0000 0.0000 0.7255
1.0130 0.0000 0.0000 0.0000 0.0000 1.1015 0.0000 0.0000 0.0000 1.5166 0.0000 0.1333 1.8415 0.0000 1.3010 0.0000 0.0000 0.6748 0.0000 0.2111 0.7106 0.6853 0.0000 0.8046 0.0504 0.0000 0.0498 0.4819 0.0000 0.0000 0.0000 0.0000 0.0000 0.0000 0.3617 0.0000 1.3942 0.3349 0.0000 0.0376 0.6962 0.0565 0.0000 1.3950 0.0000 0.0000 0.0000 0.8353 0.0000 0.0000 0.0000 0.0000 0.0000 0.0000 0.0000 1.1815 1.8912 0.0000 0.6086 1.7496 1.8088 0.3132 0.0000 0.0000 0.0000 0.2849 0.0000 0.0825 0.0000 1.0317 0.0000 1.1832 1.0345 0.0306 1.5512 0.0000 1.2693 0.0000 0.0000 0.7544 0.0000 0.2250 1.6137 1.4862 1.3115 0.0000 0.1487 0.1356 0.0000 0.0000 0.0000 0.0000 0.0000 0.7243 0.7374 0.0000 1.0612 0.0000 0.0000 0.0000 0.0000 0.4098 0.0000 0.0641 0.0000 0.1049 0.0000 0.0000 0.2935 0.0000 0.0000 0.0000 0.0000 1.5820 0.0000 0.0000 0.0000 1.3134 0.2899 0.0000 0.1877 1.2190 1.6650 1.1169 0.0000 0.0000 0.1647 0.1427 0.3105 0.0000 0.0000 1.0523 0.0000 0.0000 0.6175 0.0000 0.1695 0.3630 0.0000 0.0000 0.0000 0.0000 0.0000 0.9541 0.0000 1.4615 0.8658 0.0000 0.0000 0.8559 0.5074 0.0000 0.0000 1.1421 0.3861 0.0000 1.9605 0.0000 0.0000 0.0000 1.0142 0.0000 0.0000 0.0000 0.0000 0.0000 2.5190 0.0000 0.8387 0.0000 0.0000 0.0000 0.0000 1.3105 0.0000 0.0000 0.5061 0.3756 0.0000 1.4495 0.0000 0.0000 0.0000 0.0000 0.0000 0.0000 2.2129 0.5470 0.0530 1.1699 1.4465 0.0000 0.2722 0.0000 0.4081 0.0000 0.0000 0.0000
0.0000 0.1119 0.0000 0.0000 1.3441 0.0000 0.8244 0.0000 0.0000 1.2183 0.0000 0.7534 0.0000 0.0000 1.4247 0.0000 0.7423 0.0000 0.0000 0.7212 0.0000 0.0000 0.2790 0.6430 0.0000 1.1763 1.0219 0.0000 0.0000 0.7529 0.0000 1.1721 0.0000 0.0000 0.0000 0.0000 0.0000 0.8475 1.3698 0.0000 2.2447 0.9015 0.0828 0.0000 0.0000 0.1722 0.0000 0.6245 0.0000 0.2605 0.0000 0.0000 0.0000 0.2603 0.3008 0.3297 0.0000 0.0000 0.0000 0.0000 0.0000 1.4064 1.4046 0.0000 0.0000 1.4557 0.0000 0.4541 0.9677 0.0000 0.3045 1.4908 0.0000 0.0000 0.0000 1.5198 1.9311 0.6658 0.8052 1.0726 1.4195 0.0000 0.7278 0.0000 0.0000 0.0000 0.6100 0.7001 0.0000 1.7541 1.6484 3.1675 0.2730 0.6397 1.1064 0.0000 0.5021 0.0108 0.6068 0.2790 0.0000 0.0000 0.5184 0.0000 0.0000 1.6112 0.1306 0.0000 0.0000 1.6798 0.1152 0.0000 0.0000 0.6890 0.0000 0.4713 0.0000 0.0000 0.0000 0.1533 0.0000 0.0000 0.0000 0.2770 0.0000 0.0000 0.5075 0.0000 0.0000 0.0000 1.4504 0.3208 0.0000 0.9300 0.0000 1.5509 0.7628 0.0000 0.0000 0.7817 0.4085 0.7035 1.0542 0.0000 1.2042 0.0000 0.0000 0.0000 1.4718 0.0000 0.6175 1.5629 0.0000 0.7953 0.6469 1.1849 0.0000 0.0000 0.2145 0.0000 0.0000 0.0000 0.0000 0.0000 0.0000 0.0000 0.2984 0.8645 0.0000 0.8935 0.0000 0.0000 1.0058 0.0000 0.0000 0.0000 1.1618 1.5944 0.2365 0.0000 0.0000 0.2410 0.0000 0.0000 0.0000 0.0000 0.0000 0.0000 1.3050 0.0000 0.0000 0.4356 0.0296 0.0000 0.8825 0.0000 0.0000 1.5385
0.1779 0.0000 0.0000 1.4067 1.3980 0.0000 0.0743 0.3816 0.9278 0.0000 0.0000 0.0000 0.0000 0.2158 0.0000 0.0000 0.2824 0.4108 0.0000 0.0000 0.0000 0.0000 1.1225 0.0000 0.2941 1.9371 1.2752 0.0000 0.0000 0.1233 0.2217 1.3591 0.3200 0.0705 0.0000 0.0000 0.0000 0.5748 0.0000 0.5334 0.0000 0.6675 1.1038 0.0000 0.8457 1.0285 0.0000 0.4247 1.0037 0.0000 1.1137 0.3721 0.8354 0.0000 0.7816 0.0000 0.0000 0.0000 0.0000 1.1112 0.0000 0.0117 0.0000 0.0291 0.0000 1.3226 0.0000 0.0000 0.9726 0.1031 0.4666 0.0000 0.0000 0.4076 0.1448 0.0000 0.4833 0.8581 0.0000 0.0000 0.8608 0.0000 0.0000 0.0000 0.0000 0.0417 0.7604 0.0000 0.9231 0.0000 0.2296 0.8627 0.0000 0.2705 0.0000 0.0000 0.6805 0.0609 0.0954 0.3620 0.3580 0.8235 0.0435 0.2486 0.0000 0.0000 0.1582 0.0000 0.0000 0.0000 0.0000 1.5499 0.0000 0.0000 0.0000 0.5520 0.0000 0.3353 0.5685 1.8309 0.0000 0.5602 0.4207 0.0000 0.3462 0.0000 0.0000 0.5197 0.0000 0.0000 0.0000 0.0000 0.0571 0.3819 0.0000 0.0000 0.0000 0.0000 1.1807 1.9187 0.5568 0.1653 0.3355 0.2015 0.0000 0.0000 0.6307 0.0000 0.9730 0.0000 0.4208 1.0943 0.0000 0.7014 0.0000 0.0000 0.4991 0.9271 1.3209 0.0000 0.0000 0.0000 0.2511 0.0000 0.0000 0.6098 0.0000 0.0000 0.0000 1.2772 0.8366 0.0000 0.0000 0.0000 0.0919 0.0000 1.0564 0.0000 0.2981 0.2826 0.5286 0.0000 0.0000 1.5736 1.2236 0.0000 0.0000 0.0000 0.0000 0.0000 0.0000 0.7965 0.3583 0.0000 0.8441 0.0000 1.4976 0.0000
0.3767 0.0000 0.5328 1.9323 1.4962 0.0000 0.6613 0.0000 1.1660 0.0000 0.4204 0.3426 1.6159 0.0000 0.2971 0.0000 0.8899 0.0000 0.0399 1.7621 0.4158 0.0000 0.9981 0.0655 0.0000 0.5675 0.4514 0.0000 0.0000 0.0182 0.0000 0.0000 0.3121 1.0580 0.0000 0.6300 2.2535 0.0000 0.6969 0.0000 0.2319 0.4045 0.0000 0.5986 0.0000 1.3870 0.1790 0.0000 0.9050 0.0000 0.0000 0.1567 0.0000 0.6991 0.7019 0.0000 0.0000 0.7420 0.0000 1.8322 1.5463 0.0678 0.0000 0.0000 0.0000 0.0000 0.0000 0.6051 1.8507 0.0000 0.0000 0.4523 0.0000 0.9426 0.0000 0.0000 0.4727 0.0000 0.0000 0.0000 1.8154 0.0000 1.0063 1.7482 0.0000 0.0000 0.0000 2.0356 0.5237 0.0000 0.3835 2.7583 0.2802 0.0000 0.1765 0.5648 0.0000 1.2202 0.0000 0.0000 0.0000 0.0000 0.0000 0.0000 0.0000 0.4098 0.0000 1.1054 0.3291 0.0000 0.5834 0.0000 0.3120 0.0000 0.0000 0.0000 0.0000 2.0313 0.0000 0.0000 1.8162 0.0000 1.9599 0.0000 0.0000 0.2457 1.0474 0.0000 0.8475 0.0000 1.7491 0.0000 0.2921 0.9280 0.5375 1.4487 0.0000 0.0000 0.0000 0.7024 0.0000 1.0271 0.0000 0.2990 0.0000 2.3359 0.2511 0.4103 0.2850 1.0272 0.0000 0.0000 0.0000 0.0000 0.3937 0.0000 0.0000 0.0000 0.0000 0.8980 1.1833 0.0000 0.0000 0.0000 1.1422 1.5201 0.0000 0.0000 0.1472 0.0000 0.0000 1.5058 0.8385 0.0000 0.2128 0.0000 0.0000 0.4596 0.0000 0.0000 0.0000 0.7079 2.3011 0.5605 0.1700 0.9848 0.0000 0.7471 0.2375 0.0000 0.1552 0.1591 0.0000 0.0000 0.0000 0.3145 1.0255 0.3572
1.0212 0.0000 0.0000 0.0000 0.0708 0.0000 0.0000 0.0000 0.0000 1.2830 0.1071 0.0000 0.0000 0.0000 1.1614 0.0000 0.3848 0.6952 0.0000 0.0000 1.2843 0.0000 0.0000 0.0000 1.6205 0.2953 0.0000 0.0000 0.0000 0.3004 0.0000 0.0000 0.2937 0.6645 1.5811 0.0000 0.0000 0.0000 0.0000 0.5955 0.1118 0.0000 0.5040 0.3687 0.0000 1.0496 0.0000 0.2523 0.0000 0.0000 2.1293 0.5164 0.2185 1.1371 0.1255 0.0000 0.0000 0.0000 0.0000 0.0000 0.0000 1.1804 0.6124 0.1725 0.0000 0.1291 1.4445 0.0000 0.0000 0.0000 0.0000 0.6025 0.4274 0.8219 0.0000 0.0000 0.0000 0.0000 1.4925 0.0000 0.0000 0.0000 0.0000 0.0000 0.6155 0.7150 0.7111 0.0000 0.0000 0.0000 0.7715 0.0000 0.0000 0.1082 0.0000 0.0000 1.0430 0.0000 0.0000 0.0000 0.0000 0.4578 0.4871 0.0000 0.0974 0.0000 0.0000 0.5346 0.2279 0.1553 0.4304 0.8579 0.0000 1.5847 0.8071 0.3222 0.0000 0.4532 0.0000 0.8206 0.0000 0.8803 0.0000 1.0474 1.0144 0.4857 0.0000 0.5505 1.1235 0.0000 0.0000 0.0000 0.3124 0.0000 0.8597 0.0000 0.5800 0.1036 1.0093 0.0000 0.5301 0.0000 0.1965 0.0000 0.4128 0.0000 0.0000 0.2501 0.3845 0.0000 0.0000 0.1181 0.0000 1.1586 0.2545 0.0000 1.3433 0.5052 0.0000 0.6894 0.0000 0.1894 0.3377 0.7830 1.0221 0.0000 0.0000 0.0000 0.3683 0.0000 0.0000 0.0000 0.0000 0.3700 0.0000 0.1784 0.0000 0.5135 0.0000 0.0000 0.0000 0.0000 0.8917 0.0000 0.6445 0.0000 0.0000 0.0000 0.0000 0.0000 1.1259 0.3445 0.0000 0.0000 0.0000 0.0000 0.0000 0.0087
0.0000 0.0000 0.0000 0.0000 0.0000 1.5453 0.0000 0.0000 0.5560 0.0000 0.0000 0.0000 0.0000 0.0000 0.0000 0.8752 1.0064 0.8037 0.0000 0.7624 0.6415 0.1926 0.0000 0.6002 1.4958 0.0000 1.6246 0.4699 2.9375 0.0509 0.0675 1.2920 0.0000 0.0000 0.0000 0.5202 0.0000 1.5385 0.0000 1.7708 0.5852 0.0000 0.5930 0.0806 0.5964 0.0367 0.6689 0.0000 0.0000 0.0000 1.1402 0.0000 0.0000 0.0000 0.0000 0.5714 0.0000 0.0000 0.0000 0.0000 0.2686 0.0000 0.0000 0.4601 0.0000 0.0000 1.5797 0.0000 0.0000 0.0000 1.4188 0.0000 1.0810 1.8883 0.0000 0.0000 0.6080 0.0000 1.8649 0.0000 0.0000 1.1297 0.0000 0.0000 1.0571 0.0000 0.6623 0.3404 0.0000 0.0000 0.0000 0.0000 0.0000 0.1504 0.0000 0.0000 0.0000 0.8292 0.2904 0.8472 0.0000 1.1936 0.0000 1.7785 0.0000 0.1655 0.0000 0.0000 0.0000 0.4911 0.8235 0.5333 0.8326 0.3020 2.1999 1.3736 0.0000 0.0000 0.1962 0.0000 0.0000 0.0000 0.0000 0.0089 0.0000 0.3384 0.0000 1.0107 0.0000 1.6505 0.0000 0.0000 0.0000 0.6845 0.0000 0.0000 0.5120 0.0000 0.8460 0.0000 0.0000 1.4375 0.0685 1.1761 2.0442 0.0064 2.8633 1.6134 0.0000 0.0000 0.0000 2.3431 0.0000 0.0000 0.0000 0.0000 1.7473 1.3591 0.2555 0.0000 0.0000 2.4633 1.9292 0.0000 0.0000 1.0290 0.1330 0.0000 0.0000 0.0000 0.5417 0.3267 0.0000 1.3206 0.0000 0.0000 0.0000 0.0000 0.0000 0.0000 0.0000 0.0000 0.1227 0.0000 1.1928 2.4191 0.0000 0.0000 0.0000 0.0586 0.2360 0.4417 3.2152 0.6657 0.8753 0.4845 0.0000 2.3323
0.0000 0.5462 1.1932 0.0000 0.0000 0.0000 2.5127 0.0000 0.0000 0.5044 0.1681 0.6867 0.0000 0.0000 0.2907 0.0000 0.0000 0.0000 0.0683 0.0000 0.4206 0.4466 0.0000 0.0000 0.0000 0.3745 0.0000 0.0707 0.0000 0.0000 1.4429 0.0000 0.0000 1.7072 0.0000 0.0000 1.4115 0.0000 0.0000 2.6168 0.0000 0.6256 0.0000 0.6984 0.0000 0.1454 0.5746 1.0322 0.0000 0.0000 1.0592 1.0831 0.0000 0.9282 0.0000 0.0000 0.0000 0.0000 0.0000 0.0000 0.0000 4.6968 0.9079 0.0000 0.0000 0.0000 0.0000 0.0000 0.3524 0.0000 0.0000 0.1754 0.0000 0.8782 0.3282 0.0000 0.0000 0.0000 0.4900 0.0000 0.0446 0.0000 1.9647 0.0000 0.0000 0.0000 0.0000 0.6264 0.5919 0.7026 0.0000 2.9066 0.8614 0.0000 0.7442 0.0000 1.1633 0.0000 0.0000 0.0000 0.0000 0.0000 0.0000 0.0000 0.0000 0.0000 0.3913 0.0000 0.0004 2.0485 1.6700 0.0000 0.0184 0.0000 0.0000 0.0000 0.0000 3.9568 1.1671 0.0000 0.0000 0.6065 0.0000 0.0000 0.0000 0.0000 1.9426 0.0000 0.4762 0.0000 0.0000 0.0000 0.0000 1.0589 0.0000 0.9826 0.0000 1.2207 0.0000 1.0895 0.0158 0.0000 0.0000 0.0000 0.0000 0.3249 0.8889 0.0000 0.0000 0.6505 0.0000 0.0000 0.2273 0.0000 0.0000 0.0000 0.0000 0.0000 0.0000 0.0000 0.0000 0.0000 0.0000 0.0000 2.0181 0.3173 0.2363 0.7637 0.0000 0.1315 0.0000 1.4822 0.0000 0.7958 2.6724 0.8388 0.0000 0.0000 0.7690 0.0000 0.2048 0.4337 0.1774 2.6466 0.0000 0.0000 0.0000 2.5493 0.9244 0.0000 0.1787 0.0000 0.0000 0.0000 0.0000 0.3430 0.0000 0.0000
0.0898 0.4036 0.0000 1.0146 0.0000 0.0000 0.9915 0.8384 0.4651 1.0159 0.0000 1.0693 0.0000 0.0000 0.0000 0.7833 0.0000 0.0000 0.0000 0.9659 0.4740 0.0000 0.7641 1.0717 0.8700 0.7557 1.3476 0.0000 0.0000 1.2834 0.3501 0.0000 0.6430 0.7871 0.0000 0.8541 0.0000 0.1738 0.0000 0.4084 0.0000 0.0000 0.0900 0.0000 1.2104 0.0000 0.0000 0.0000 0.8839 0.9400 0.0000 0.0000 0.0000 0.0000 0.1048 2.3733 0.0000 3.1102 0.0000 1.0500 0.0000 0.0000 0.0000 0.0000 0.0000 1.0642 0.0000 0.5172 0.0000 0.0000 0.0000 0.0000 0.0000 0.0000 1.1647 0.0000 0.7679 0.3328 0.0000 0.0000 0.6071 0.0000 0.0000 0.0000 0.0000 0.0000 0.3553 0.0000 1.7946 0.0000 0.2364 0.0000 0.0000 0.0000 0.2973 0.0000 0.2395 0.6261 0.0000 1.1806 2.0882 0.0000 1.9970 0.7938 0.0000 0.0000 0.3498 0.0000 0.0000 0.0000 0.0000 0.9420 0.3266 0.0000 0.4523 1.3834 0.0000 0.0000 0.0000 0.7249 0.0000 0.0000 0.0000 0.0000 0.1070 0.6354 0.0000 0.0000 0.0000 0.0000 0.0000 0.9463 1.8244 0.0000 0.0000 0.0000 0.5326 0.0000 0.1021 1.4718 0.6320 0.0000 0.1110 0.0000 1.6748 0.0000 0.0000 0.0000 1.8738 0.0000 0.0000 0.0000 0.0000 1.4247 0.0000 0.0452 0.0000 0.0000 0.0000 0.0532 0.1117 0.0000 0.6477 0.0000 0.0000 0.1898 0.0000 0.0000 0.8844 0.0000 0.5686 0.0000 0.0000 0.0000 0.0000 0.0000 0.6861 0.0000 0.4000 0.0543 0.0000 1.2960 0.3521 0.8529 1.0174 0.0000 0.0000 0.0000 0.0000 0.0000 0.0000 0.9775 0.0000 0.0000 1.2681 0.0000 1.1816 0.5572
1.8571 0.0000 0.4462 0.0000 0.0000 0.9366 0.3341 0.0000 0.1501 0.2953 0.5330 0.0000 0.6709 0.8202 0.0000 1.1766 0.0000 0.0000 0.3008 0.7199 0.0000 0.0000 1.2877 0.0000 0.4180 0.2741 0.0825 0.9381 0.0000 0.0000 0.0000 0.0000 0.0492 0.0000 0.4120 0.0000 0.0000 1.4630 0.0000 0.4713 0.4039 0.0000 0.7335 0.3372 0.0000 0.0000 0.8127 0.1745 0.5473 0.5516 0.3769 0.0000 0.5517 0.0997 0.1739 0.0000 0.0000 0.3800 0.0000 0.0000 0.0592 0.0000 0.0000 0.0565 0.0770 0.0000 1.1105 0.2698 0.0689 0.0000 0.3045 0.1012 0.0000 0.0000 0.9222 0.5385 0.6379 0.0000 1.7693 0.0000 0.0000 0.3854 0.3542 0.0000 1.2397 0.0000 0.8401 0.0000 0.2694 0.0000 0.0000 0.0000 0.0000 0.0000 0.0000 0.0744 0.0000 0.0000 0.3864 0.0000 0.0934 0.1119 0.0058 1.4233 0.0000 0.0000 0.0000 0.0000 0.0000 0.0000 0.2347 0.7019 0.1046 0.0000 0.8087 1.2293 0.0000 0.0000 0.5779 0.3544 0.0000 0.3541 0.0000 0.7704 0.4895 1.0559 0.0000 0.0000 0.0000 0.0224 0.0000 0.0000 1.1474 0.0000 0.0000 0.0000 0.0000 0.2907 2.0270 0.0000 0.0000 0.1011 0.0753 0.0000 0.0000 0.0000 0.0940 0.5870 0.1054 0.0000 0.0000 0.5726 0.0000 0.4094 0.3519 0.0000 0.4731 0.0000 0.0000 0.3590 0.0000 0.3307 0.0000 0.0000 0.0000 1.4172 0.6861 0.3627 0.6078 0.0000 0.8351 0.0000 0.0000 0.3062 0.0000 0.0654 0.0000 0.0000 0.0785 0.0000 0.0000 0.0000 0.0000 0.0000 0.1961 0.0000 1.1831 0.4895 0.0000 0.0000 0.6587 0.5017 0.0000 0.0000 0.0000 0.0832 0.0000 0.0000
0.0000 0.0000 0.0000 0.2891 0.0000 0.0000 0.0000 0.3233 0.7251 0.5658 2.3839 0.0000 0.0000 0.0000 0.3366 0.0000 0.0000 0.5909 0.0000 2.0711 0.0000 0.0000 0.0179 1.5817 0.0000 0.0000 1.4676 0.2688 0.0000 0.6377 0.0000 0.0000 0.0000 0.0000 0.0000 0.0000 0.0000 0.4734 1.9150 0.0000 0.0000 0.0000 0.5995 0.4314 0.0000 0.0000 2.5483 0.0000 0.6074 1.5840 0.0521 0.0000 0.0857 1.5489 0.0000 1.8804 0.0000 0.8452 0.0000 0.0000 0.0000 0.0000 0.0000 0.0205 1.0153 1.8068 0.0000 0.0000 0.0000 1.6691 0.0000 0.0000 0.0000 1.4221 0.8794 0.6777 0.0000 0.4156 0.0000 0.0000 0.0000 0.8352 0.0000 0.0000 0.0000 0.0000 0.1733 0.1532 0.0000 0.0331 0.0000 0.0000 0.0000 0.0000 1.1147 0.0000 0.0000 0.9067 0.0000 3.2744 0.4041 0.0000 0.0000 0.0000 1.7963 0.3188 0.0000 0.0000 0.0000 0.7707 1.7590 0.0000 0.0000 1.5851 0.0000 0.0000 0.0000 0.0000 0.8770 0.0000 0.0000 0.3148 1.2148 1.4249 0.0000 0.2335 0.0000 0.9603 0.0669 0.9032 0.0000 1.2303 0.0000 0.0000 0.0000 0.6922 0.0000 1.1616 0.7902 0.0000 0.3022 1.7286 0.0864 2.1414 0.0000 0.0000 0.0000 1.3724 0.0496 0.1214 1.5186 0.0000 0.0000 0.3866 0.5194 0.0000 0.0000 1.0972 0.0000 0.0000 0.0000 0.0000 0.0000 0.8443 0.7004 0.0000 0.0000 1.8280 0.0000 0.0000 0.0000 0.0000 0.0000 0.0000 0.4684 1.0520 0.0000 0.4104 0.2415 0.0000 0.0000 0.3126 2.3080 0.0000 0.6082 1.2343 0.4860 0.9435 0.0000 0.0000 0.6677 0.0000 0.4306 0.0000 1.8774 0.7330 0.3089 0.0000
0.7097 1.2581 0.4080 0.0000 0.0000 0.0000 0.2332 0.0000 0.0000 0.0000 0.0000 0.0000 0.0000 0.4388 0.2744 0.0000 0.6593 0.0000 0.0821 0.0000 0.0000 0.0000 0.8647 0.1053 0.9417 0.4301 1.0219 0.5175 0.0932 0.0000 0.0393 0.0000 0.4242 0.0000 0.8681 0.7519 0.0000 0.0000 0.0000 0.3291 0.0000 0.4061 0.0000 0.0000 0.0000 0.0000 0.0000 0.5378 0.0000 0.1879 0.4338 0.0000 0.2733 0.0000 0.2951 0.0000 0.0000 0.1346 0.2691 0.0000 0.0000 0.0000 0.6813 0.9322 0.0000 1.5612 0.0000 0.0879 0.0000 0.0000 1.2853 0.0000 0.1402 0.0000 0.1518 0.0000 0.0000 0.0000 0.0000 0.0547 1.0300 0.3315 0.0000 0.0000 0.4281 0.6395 0.5703 0.0000 0.0000 0.0000 0.0000 1.5538 1.4235 0.1789 0.0000 0.0000 0.0000 0.0000 1.2301 0.0000 0.6882 0.7334 0.5074 0.5811 0.1330 0.0000 1.3818 0.0000 0.0000 0.6407 0.0000 0.9643 0.0000 0.0000 0.0000 0.0000 0.7045 0.3040 1.0227 0.8575 0.6056 0.3332 0.4237 0.0000 0.4714 0.0000 0.0000 0.1726 0.0000 0.0000 0.4873 0.0000 0.0000 0.0000 0.0000 0.0000 0.2980 0.1852 0.2203 0.0000 1.0565 0.0000 0.0000 1.3112 0.5428 0.8738 1.0360 0.0000 0.6085 0.0000 0.0000 1.8712 0.2016 1.1703 0.0000 1.7761 0.0342 0.0000 0.0000 0.0000 0.0000 0.0000 0.0000 0.0000 0.0000 0.7407 0.0000 0.0000 0.7836 0.0000 0.0000 0.0000 0.0000 0.0000 0.0000 0.0000 1.6247 0.0000 0.0000 0.0405 0.0952 0.0000 0.0000 1.3577 0.0000 0.0000 0.0000 0.0000 0.0000 0.7987 0.2369 0.5026 0.8616 0.0370 0.0809 0.6482 0.0305 0.1971
0.4048 0.7241 0.0000 0.0000 0.0000 0.0000 0.0000 0.0000 0.7380 0.3236 0.0000 0.0000 0.0000 0.1710 0.0000 0.0000 0.5538 0.0000 0.0000 0.0000 0.3289 0.0000 1.2006 0.0000 0.0000 0.8586 0.0000 0.0000 0.6054 0.4680 0.0000 0.0000 0.2765 0.3877 1.1036 0.0000 0.0000 0.1856 0.0108 0.5563 0.2424 0.0000 1.2266 0.0000 0.0000 0.2429 0.0000 0.3809 0.4048 0.0000 0.4010 0.0000 0.7705 0.0000 0.9631 0.0000 0.7061 0.0000 0.0000 0.0000 0.0000 0.0000 0.6044 0.0000 0.0626 0.0000 0.2207 0.5097 0.0000 0.3334 0.6278 0.0000 0.0000 0.3461 0.2768 0.0000 0.1673 0.9501 0.0000 0.0000 1.4285 0.0000 0.0000 0.4350 0.3259 0.2044 0.0000 0.0000 0.0000 0.0000 0.0000 0.0000 0.0000 0.9279 0.0000 0.0000 0.4126 0.0000 0.0000 0.5880 0.3464 0.0000 0.0000 0.0000 0.0000 0.0000 0.0000 0.0000 0.0000 0.3108 0.3815 1.0453 0.0000 0.0000 1.3513 0.6187 0.8081 0.0000 1.1246 0.7442 0.0000 0.5257 0.0000 0.0000 1.9159 0.4856 0.5218 1.0961 0.0000 0.0000 0.0000 0.0000 0.9652 0.0000 0.0000 0.0000 0.7679 0.2691 0.1714 0.0000 0.1090 0.0000 0.0000 0.0000 0.5032 0.0000 0.6343 0.0000 1.4099 0.0000 0.0000 0.7304 0.0000 0.0000 0.0000 0.0638 0.0000 0.7557 0.5684 0.9212 0.0000 0.0229 0.0000 0.0000 0.0000 0.0000 0.0042 0.0000 0.0000 0.0000 1.6400 0.0000 0.2278 0.0000 0.0000 0.0000 0.1737 0.0000 1.0571 0.1445 0.4567 0.0000 0.7520 0.0000 1.0621 0.1824 0.0000 0.0000 0.0000 0.0000 0.0000 0.8428 0.0000 0.0000 0.0000 0.0000 0.2578 0.0254
0.0000 0.0000 0.1777 1.8340 0.0000 0.6814 0.3079 0.0000 0.4274 0.0000 0.0000 0.0000 0.0000 0.3852 0.5852 0.0000 0.2428 0.0000 0.0000 0.0000 0.0000 0.0000 0.7774 0.8251 0.0000 0.1038 0.4800 1.2002 0.0000 0.0000 0.0000 0.7828 0.1829 0.0000 0.4343 0.0000 0.0000 0.3440 0.0000 0.5509 0.0000 0.0000 0.6444 0.0000 0.7980 0.0000 0.0000 0.6002 0.0000 0.0096 1.0879 0.0000 0.3271 0.0000 0.0000 0.0000 0.3743 0.0000 0.0000 0.0000 0.0000 0.0000 0.1529 0.4730 0.2290 0.6192 0.2134 0.0000 0.0000 0.3158 0.7886 0.0000 0.4992 0.0000 0.0000 0.0000 0.1652 0.0000 0.2834 0.0000 0.0000 0.2900 0.0000 0.0000 0.3918 0.1959 0.0000 0.0000 0.0000 0.0000 0.0000 0.0000 0.0000 0.1387 0.0000 0.4063 0.0000 0.0000 0.0461 0.0000 0.9667 0.4984 0.0000 1.5159 0.0000 0.2676 0.0000 0.0000 0.2629 0.8907 0.0000 0.3277 0.0000 0.0000 0.0000 1.0059 0.0000 0.8688 0.8832 0.4678 0.0000 1.0179 0.0000 0.2518 0.0000 0.4506 0.4657 0.8078 0.0000 0.5078 0.0000 0.0000 0.1939 0.0000 1.0274 0.0000 0.0000 0.0000 0.0000 0.0000 0.3863 0.0000 0.0000 0.0000 0.1083 0.3364 0.0000 0.6594 0.0073 0.0000 0.0000 0.7233 0.0801 0.4652 0.0261 0.2011 0.1918 0.3670 0.3454 0.0000 0.0000 0.4667 0.0000 0.0000 0.0000 0.3173 0.0000 0.0000 0.0480 0.0000 2.0814 0.0000 0.0000 0.3658 0.0000 0.0000 0.4670 0.0000 0.0000 1.0961 0.9764 0.0000 0.0000 0.0560 1.1260 0.0000 0.0000 0.0000 0.0000 0.3184 0.0218 0.5708 0.0000 0.3304 0.4533 0.0000 0.0000 1.3061
0.0000 0.0000 0.0000 0.0000 2.6750 0.0000 0.0000 0.0000 0.0000 0.0000 0.6132 0.0000 1.1263 0.0000 0.0000 0.7419 0.0000 0.7633 0.0000 0.5535 0.0813 0.1909 0.3455 1.1736 1.0645 0.9457 0.0000 0.0000 0.5528 1.1642 0.6027 0.0000 0.1434 0.0000 0.0000 0.8670 0.0000 0.0000 0.0000 0.1936 1.0993 0.3461 0.4700 0.0000 0.0000 0.8614 0.0000 0.7518 0.9306 0.6078 0.0000 0.0000 0.0000 2.3590 0.3232 0.4302 0.6869 0.8317 1.6194 0.0000 0.9142 0.1965 2.3713 0.6001 0.0000 0.0000 0.0000 0.0000 1.0599 0.0793 1.4278 0.0000 0.0000 0.2355 0.0000 0.0000 1.6078 0.0000 0.6738 0.3502 1.7657 0.0000 0.0000 0.0000 0.0000 1.7941 0.2069 0.1908 0.0000 0.7480 1.1364 0.4234 0.1044 2.9205 0.2484 0.5222 1.6494 0.2663 0.2238 1.1104 0.0000 0.6420 2.7877 2.7476 0.0000 0.0000 0.0000 0.0000 0.0000 0.0000 0.0000 0.0000 0.0000 0.0000 0.4042 0.0000 0.0356 0.0000 0.0000 0.2264 1.8217 1.7345 0.0000 0.0000 0.1685 0.9448 0.0000 0.5516 0.0000 0.0000 0.0000 0.0000 0.0000 1.7835 0.0000 0.4480 2.6552 0.0000 0.4611 1.9396 0.0000 0.0000 0.0000 1.2009 0.2143 0.5045 0.0000 0.0000 0.0000 0.7939 1.0777 0.0000 2.9008 0.3718 0.0000 0.6532 0.0000 0.0000 1.6873 2.1910 0.0000 1.0086 0.0000 0.0000 0.0000 0.2999 1.3651 0.0000 1.3707 0.0000 1.5321 0.2981 0.0000 1.5583 0.0000 0.0000 1.1763 0.0000 0.3433 1.4322 0.8302 0.0000 0.6264 0.0000 0.0000 1.1394 0.0000 0.6251 0.9053 0.0000 0.0000 1.6840 0.8491 1.0225 1.6941 0.0000 0.6637 0.0000
0.0000 0.0000 1.0360 0.0000 0.0000 0.0000 0.3686 0.3262 0.0000 0.3489 0.0000 0.0000 0.0000 0.6016 0.0000 0.0000 0.0000 0.0000 0.4701 0.0000 0.0000 0.6509 1.3900 0.4575 0.9039 0.0000 0.3297 0.1753 0.0000 0.0000 0.1308 0.0000 0.0000 0.0909 0.0000 0.0000 0.0000 0.3802 0.0000 0.2687 0.1124 0.9597 0.0000 0.1029 0.0000 0.0000 0.6748 0.0000 0.2237 0.0000 0.0000 0.0000 0.1356 1.2224 0.3958 0.5632 0.0943 0.0000 0.0000 0.4934 0.0000 0.0000 0.0000 0.0000 0.0000 0.9186 1.5365 0.0000 0.0000 0.0000 0.0000 0.8117 0.0000 0.0000 0.0000 0.0000 0.9936 0.0506 0.0000 0.0000 0.0000 0.0000 0.1111 0.0000 0.0100 0.0000 0.1314 0.0000 0.6502 0.8994 0.0000 0.4224 0.0000 0.0000 0.4669 0.4142 0.2284 0.2575 0.7168 0.1128 0.0000 1.0192 0.4629 0.0000 0.0000 0.3460 0.0000 0.0000 0.0000 0.0000 0.8889 0.3119 0.0000 0.0000 0.2030 0.5441 0.8109 1.0637 0.4727 0.2153 0.0000 0.0449 0.0000 0.0000 0.0000 0.0000 0.0000 0.0000 0.0000 0.0000 0.0000 0.1177 0.6615 0.1840 0.0000 0.0000 0.0000 0.0000 0.0000 1.2977 0.0000 0.0000 0.7062 0.0000 0.5807 0.0957 0.6090 0.5581 0.9821 0.0000 0.0000 1.1301 0.0000 0.0000 0.7980 0.0000 0.7397 0.0000 0.7918 0.2800 0.0000 0.8275 1.0636 0.0000 0.0000 1.4399 0.0000 0.4644 0.0000 0.0000 0.0000 0.0000 0.3122 0.0000 0.0000 0.0000 0.0000 0.0000 0.0000 0.0000 0.0000 0.0581 0.0000 0.0000 0.6619 0.0000 0.1798 1.1385 0.0000 0.0000 0.4823 0.6534 0.0000 0.1842 0.0000 0.0000 0.5052 0.0000
0.4532 0.0000 0.0000 0.0000 0.0000 0.4339 0.0000 0.0000 0.0000 0.7271 0.0000 0.0000 0.0000 0.0000 0.0000 0.0000 0.0000 1.0932 0.0000 0.0000 0.0000 0.5471 0.0000 0.0182 0.0000 0.1621 0.0000 0.0000 0.9494 0.4966 0.0000 0.0000 0.0000 0.2256 0.0000 0.0000 0.0000 0.1619 1.3173 0.0000 0.9499 0.0000 0.0000 0.0000 0.0000 0.2541 2.1241 0.0000 0.0000 0.6911 0.6569 0.0000 0.3367 0.6357 1.4365 0.4071 0.8552 1.6117 0.6655 0.0000 0.0000 0.0000 0.2918 0.0000 1.0095 0.0000 1.2222 0.4544 0.0000 0.3089 0.0000 0.1693 0.0000 0.0000 0.0000 0.0000 0.8323 0.5644 0.3060 0.0000 0.0000 0.0000 0.0000 0.0000 0.0000 0.1265 0.0000 0.0995 0.0000 0.0000 0.7463 0.0000 0.0000 0.8752 0.5397 0.0651 0.8806 0.0000 0.0000 0.0000 0.0000 1.8104 0.5721 0.2991 0.2072 0.0000 0.2772 0.9629 1.1795 0.6930 0.0000 1.0290 0.0000 0.0000 1.5474 0.0000 0.0000 0.0000 0.8928 0.0000 0.1114 1.3534 0.0000 0.0000 0.0000 0.4262 0.2543 0.0995 0.0000 0.0000 0.3524 0.1031 0.9535 0.0000 0.9875 0.3079 0.0000 0.5497 0.0000 0.0000 0.0000 0.0000 0.0000 0.0000 0.0000 0.0000 0.0000 0.9877 0.0317 0.5097 0.2322 0.7161 0.0000 0.0000 0.2837 0.0000 0.0000 0.3081 0.0971 0.0000 0.0000 0.0000 0.0000 0.0000 1.2213 0.0506 0.0000 1.3923 0.4716 0.0000 0.4626 0.2205 0.0000 0.0000 0.7181 0.7999 0.0000 0.0000 0.3361 0.0000 0.0000 0.3233 0.9436 0.0000 0.2231 0.0000 0.4717 1.8681 0.3015 0.0000 0.0000 0.2372 0.0000 0.1177 0.0564 0.0000 0.0000 0.0000
0.0000 1.1237 2.7368 0.0000 0.4002 0.0000 0.0000 0.0000 0.0000 0.0000 0.0000 1.5596 0.0000 0.6778 0.0000 1.3320 0.9542 2.8668 0.0000 0.0000 2.5818 3.5965 0.0000 0.0000 0.0000 0.0000 3.2284 0.9242 0.0000 0.0000 1.0726 0.0000 3.9556 0.0000 0.0000 2.5198 2.0170 0.0000 0.5561 2.3722 0.0000 0.0000 0.0000 0.5749 0.1509 0.0000 0.0000 0.0000 0.0000 0.0000 1.3155 0.0000 0.3538 0.0000 0.2037 0.0000 0.0000 0.0000 0.0000 0.6614 0.8955 1.0055 0.3267 1.9653 0.0000 2.5237 0.0000 0.0000 0.0000 0.0000 1.1303 1.3788 2.4730 0.0000 0.0000 0.2173 0.0000 0.0000 1.5093 0.0000 1.7570 0.0000 0.0000 0.7680 0.0000 0.7255 0.0000 1.8231 0.1162 0.0000 0.0000 0.0000 0.1869 0.4414 0.0000 0.0000 1.0452 1.0499 0.0000 0.0000 0.0000 0.0000 0.0000 0.0000 0.0000 0.0000 2.0520 0.0000 0.0000 0.0000 3.3348 0.0000 0.9053 1.5828 4.0441 0.0000 0.0000 0.0000 1.4769 0.0000 0.7529 0.0000 1.3271 0.0000 0.0000 0.0000 0.3844 0.0000 2.5124 1.9684 0.0000 0.0000 0.0000 0.0000 0.0000 0.0000 0.3743 0.0000 0.0000 0.7083 0.0000 0.0572 3.8855 2.3156 0.0000 0.0000 2.3867 0.0000 0.0000 1.1656 0.2467 0.0000 1.9343 2.0120 0.0000 0.1103 2.5530 0.0000 0.0000 0.0000 0.0000 0.0000 1.1121 0.0000 0.7613 0.0000 0.0000 1.4538 0.0000 2.1009 0.0000 0.0478 0.6378 2.7576 1.9802 0.0000 1.1226 0.0000 2.8603 0.0000 0.5208 0.0000 0.0000 3.2714 0.0000 0.2477 0.2973 0.0000 0.0000 2.2664 0.2675 0.0000 1.0631 0.1676 0.0000 1.5763 0.0000 0.5231
0.0000 0.0000 0.0000 0.0000 0.4969 0.3544 0.0000 0.0000 0.8806 0.6231 0.0000 0.3869 0.3629 1.3931 0.0000 1.5598 0.0000 0.0000 0.7403 0.3418 0.0000 0.0000 0.0000 0.0954 0.0000 0.0000 0.0000 0.0000 0.0000 0.1824 0.0000 0.0000 0.3652 0.0000 0.4882 0.0000 0.0000 0.0000 0.0000 0.0000 0.5415 0.0119 0.7980 0.0000 0.0000 0.2550 0.0000 0.5090 0.6973 1.7159 0.0000 0.0000 0.0000 0.6466 0.0000 0.0000 0.0000 1.9487 0.0000 0.1806 0.0000 0.0000 0.9785 0.0000 0.0000 0.0000 0.0000 1.0781 0.0000 2.4967 0.0000 0.0000 0.5816 0.4646 1.1392 1.3749 0.0000 1.3871 0.0000 0.2379 0.0000 0.9300 1.3798 0.3411 0.7652 0.0000 0.8934 0.0000 0.0000 0.0000 0.0000 0.7822 0.0000 0.0000 0.3317 1.5775 0.0000 0.0000 0.0000 0.8548 0.0000 0.8795 0.0000 0.0000 0.0000 0.0000 0.0000 0.7140 1.0512 0.0000 0.0000 0.0000 0.0000 2.0758 0.0000 0.0000 0.0979 0.0000 0.0000 0.4175 0.0000 0.3458 0.7087 0.0000 1.1683 0.0000 0.7190 0.3174 0.9841 0.6692 0.0000 0.6614 0.2027 0.0000 0.0374 0.0000 0.0000 2.0936 0.0000 0.0000 0.0000 1.0702 0.4599 0.0000 0.0000 0.0000 0.0000 0.0000 0.0000 0.0126 1.4248 0.0370 0.0000 1.0134 1.2196 0.0000 0.0000 0.1756 0.0000 0.2074 0.7633 1.4529 0.0000 1.7620 0.0000 0.0000 0.0000 0.0000 0.0000 0.8525 0.0000 0.0000 0.4542 0.0000 0.0000 0.0000 0.0000 0.0000 0.3916 0.9609 0.0000 1.2997 0.0000 0.6675 0.0000 0.9600 0.2375 0.0000 0.3002 0.1292 0.0000 0.2406 0.2844 0.0000 1.2794 0.0000 0.0000 0.1480
0.0000 0.9174 2.1369 0.0000 2.4825 0.0000 0.0000 0.0000 0.9691 0.0000 1.9588 0.0000 0.9858 0.0000 0.0000 0.5915 0.7470 1.3949 0.0000 2.5968 0.0000 0.0000 0.0000 1.6283 0.0000 0.5916 1.2271 0.0000 3.3145 1.9112 0.7494 0.0000 0.0000 1.1002 0.0000 2.0167 0.0730 0.0000 2.7826 0.0000 1.7320 1.4967 1.5784 0.0000 0.0000 0.0000 0.5289 0.0000 0.0000 0.0000 0.0000 0.3030 0.1950 1.7717 0.0000 0.7556 0.0000 0.0000 0.0000 2.2611 0.0000 0.0000 0.0000 0.0000 0.0000 1.0267 0.0000 0.0000 0.0000 0.0000 0.0000 1.7002 0.0000 0.0000 0.0000 0.0000 0.0000 1.2173 0.0000 2.9549 1.9471 0.0000 0.0000 0.0000 0.0000 0.0711 0.0000 0.0622 0.0000 0.0000 0.0000 0.0255 1.5505 0.0000 1.8047 1.3347 0.0000 1.7932 0.0000 1.9863 0.0000 0.0000 0.1020 0.0000 2.1981 0.0000 0.0000 0.0000 2.0100 1.0659 1.6651 0.0000 0.3133 1.2175 1.0694 0.0049 0.0000 0.0000 0.0000 0.4875 0.0730 0.0000 0.0000 0.6434 1.5799 0.5756 0.7716 0.0000 0.0997 0.0000 1.2840 2.6946 0.6555 2.0999 1.1164 0.0000 0.0000 0.6722 0.0000 0.0000 1.8448 2.2412 0.6062 2.1367 0.0000 0.0000 1.8193 0.0000 0.0000 0.7247 3.1963 0.0000 0.0000 0.5822 0.0000 0.0000 0.0000 0.0000 0.0000 0.0000 0.9312 0.3376 0.1948 0.0000 0.0000 0.0000 0.0000 0.0000 1.7927 0.0000 0.0000 3.3719 0.4366 0.0111 1.4566 0.0000 0.0000 2.1260 2.0542 0.0000 0.0000 0.0000 1.4051 2.7897 0.0000 0.9679 0.8908 0.0000 0.0076 0.0000 0.0000 0.0000 0.7593 0.0000 0.0000 0.0000 0.0000 0.0000
